C,D,Int,PoP,L,Dec
0.125430799999998,0.358692700000204,0.0091735,0.102270899999995,0.244958400000089,0.159473700000026
0.0131036,0.537741600000172,0.020596699999999,0.083556500000002,0.115544199999993,0.22945740000009
0.037989000000002,0.625885499999838,0.038941000000003,0.0367629,0.060390800000005,0.200030800000055
0.0063667,0.305640500000151,0.025379699999999,0.0012121,0.29025030000013,0.37115070000021
0.039384600000001,0.382910800000231,0.001576,0.217312600000066,0.297389400000142,0.061426600000009
0.160199500000033,0.257205800000105,0.055151600000006,8.68000000000013E-05,0.358733300000201,0.168623000000032
0.095807700000006,0.391319400000235,0.032686600000001,0.047119900000005,0.240120400000082,0.192946000000053
0.089276700000012,0.316001900000162,0.032861700000003,6.07000000000003E-05,0.276057800000115,0.285741200000141
0.077414500000009,0.287962400000129,0.001035,0.030172999999999,0.203548800000052,0.399866300000245
0.045403700000001,0.428197900000264,0.033899199999999,0.079903600000004,0.242272000000077,0.170323600000026
0.160277500000006,0.331242000000169,0.026333699999999,0.101029099999997,0.139006899999998,0.242110800000099
0.028580900000001,0.323386400000161,0.0172662,0.270840800000122,0.205381700000051,0.154544000000013
0.221504800000055,0.290984600000131,0.012582800000003,0.178940600000037,0.207195500000053,0.088791699999999
0.037364700000003,0.288672200000139,0.044620700000004,0.113682799999988,0.220422700000067,0.295236900000149
0.040843300000004,0.43852260000028,0.098673000000007,0.095230999999999,0.15424020000001,0.172489900000029
0.025250299999999,0.234931400000091,0.030637199999999,0.059347900000007,0.147148899999999,0.502684300000336
0.041164700000003,0.26901610000012,0.040400100000004,0.251054800000103,0.185511600000032,0.212852700000071
0.055275300000006,0.444772800000283,6.58000000000006E-05,0.105468199999998,0.125131899999994,0.269286000000123
0.07771370000001,0.522127500000231,0.052356500000005,0.086011000000001,0.178367000000031,0.083424300000001
0.094464699999991,0.488966600000317,0.0008306,0.075686400000005,0.128841599999994,0.211210100000064
0.0196278,0.39255340000023,0.070129500000005,0.0165602,0.253543500000108,0.247585600000093
0.022527299999999,0.616869599999869,0.051853600000006,0.0393654,0.222765400000073,0.046618700000006
0.077900700000003,0.51264520000029,0.027968899999999,0.0033796,0.214954800000078,0.163150800000027
0.000102,0.650532099999743,0.0376058,0.038921700000004,0.099514899999997,0.173323500000029
0.064873300000007,0.234065900000072,0.068137100000009,0.174408800000029,0.171544700000018,0.286970200000136
0.028652599999999,0.40690260000025,0.020149099999999,0.060073200000008,0.313398900000157,0.170823600000037
0.061566099999998,0.202227800000057,0.0045451,0.034435900000001,0.388216900000227,0.309008200000152
0.143445900000017,0.308189300000144,0.033196599999999,0.077801200000006,0.152656000000009,0.284711000000142
0.043236300000005,0.28372570000012,0.0249536,0.064773500000008,0.267287000000114,0.316023900000162
0.073947600000006,0.620933399999825,0.074170700000006,0.025840299999999,0.148963400000007,0.056144600000007
0.086942100000001,0.239929200000088,0.0142957,0.105741299999995,0.182520700000042,0.370571000000223
0.106186400000001,0.326185400000165,0.042077400000003,0.130569599999989,0.217286700000064,0.177694500000036
0.007967,0.450096900000298,0.041124700000001,0.0001058,0.258159100000104,0.242546500000094
0.036587700000001,0.484362300000331,0.076859200000003,0.06400300000001,0.259800600000113,0.078387200000005
0.111721499999997,0.421232700000273,0.040631400000003,0.068295100000007,0.257601300000104,0.100518000000005
0.046455700000004,0.390078000000236,0.0135498,0.072234400000008,0.354552000000187,0.123130099999988
0.044527299999999,0.567919400000053,0.0003726,0.022696999999999,0.134368299999989,0.230115400000083
0.102787399999994,0.41291390000026,0.0119787,0.0006675,0.284436000000132,0.187216500000034
0.0045091,0.422756600000262,0.0016322,0.027108599999999,0.207443600000052,0.336549900000188
0.11407440000001,0.350852800000197,0.073002100000012,0.019166699999999,0.319933200000149,0.122970799999989
0.049498300000007,0.288519900000135,0.0113376,0.06212170000001,0.226946800000078,0.361575700000211
0.086655999999996,0.269738800000121,0.0150538,0.0829485,0.162954000000016,0.382648900000236
0.073138600000001,0.540522300000194,0.045889800000003,8.46000000000012E-05,0.126936299999989,0.213428400000073
0.259670000000041,0.356424000000197,0.020022699999999,0.046359000000003,0.135663199999993,0.181861100000036
0.061392300000003,0.444883700000296,0.0110275,0.0313754,0.27300910000012,0.178312000000038
0.095035799999998,0.327795800000169,0.0034088,0.116621199999993,0.168170600000026,0.288967800000136
0.140751400000027,0.48468950000032,0.018116599999999,0.065549000000009,0.220304900000069,0.070588600000006
0.126577100000021,0.272191700000118,0.068848200000015,0.0001117,0.223197100000072,0.309074200000149
0.129237699999993,0.343393100000179,0.044528400000004,0.0070535,0.249436200000111,0.226351100000081
0.069097700000002,0.411926300000253,0.115004899999996,0.041884400000001,0.229322800000073,0.132763899999996
0.123792600000007,0.3673743000002,0.0413859,0.089484599999999,0.193016900000042,0.184945700000036
0.053549300000007,0.528985900000218,0.0102412,0.001031,0.228502000000075,0.177690600000035
0.102384199999995,0.502277200000321,9.00000000000013E-05,0.046025700000004,0.152798000000006,0.196424900000056
0.098937499999997,0.34960960000019,0.035449400000001,0.054927800000005,0.173345200000025,0.287730500000146
0.089609999999993,0.358658000000212,0.0008942,0.072843100000005,0.209600200000041,0.268394500000114
0.096703100000003,0.388406800000219,0.001252,0.090054000000003,0.303664800000142,0.119919299999988
0.271024000000098,0.383795300000209,0.008388299999998,0.018181999999999,0.180833800000029,0.137776599999998
0.077116400000004,0.404075100000248,0.034629699999999,0.077065400000005,0.167143300000019,0.239970100000096
0.064981300000007,0.501722300000325,0.0108743,0.137228900000001,0.211869800000067,0.073323400000006
0.078696999999992,0.275964100000114,0.021597499999999,0.186103800000044,0.279152500000122,0.158485100000012
0.095416199999997,0.361622500000213,0.0315762,0.098874199999994,0.262382400000101,0.150128500000013
0.059679699999999,0.404899400000247,0.0209912,0.161167500000022,0.125104199999988,0.22815800000009
0.0181302,0.405952700000247,0.0064133,0.106039099999992,0.209143300000058,0.254321400000107
0.171530000000032,0.414561700000259,0.0008467,0.109762799999989,0.173978500000028,0.129320299999995
0.131629699999997,0.467331500000298,0.019197899999999,0.075632000000004,0.114118399999994,0.192090500000051
0.011038,0.471539100000318,0.040472400000003,0.1369854,0.168073700000025,0.171891400000032
0.078379900000002,0.505017300000318,0.0001667,0.072039200000008,0.189455300000047,0.154941600000012
0.0001178,0.383629100000224,0.019701799999999,0.066187300000008,0.259241600000107,0.271122400000121
0.069205400000006,0.346714800000186,0.051448200000005,0.065360100000007,0.159037600000005,0.308233900000162
0.0146085,0.461642800000313,0.0118291,0.195025100000052,0.170398100000025,0.14649640000001
0.095930399999997,0.517321400000269,0.042805700000002,0.078207300000005,0.189568200000039,0.076167000000009
0.16245400000001,0.189942200000048,0.052053600000003,0.048024200000004,0.208267700000059,0.339258300000203
0.0178264,0.149728500000006,0.0134663,0.177196300000033,0.271717700000117,0.370064800000217
0.107030899999986,0.345197800000189,0.007912199999999,0.025280699999999,0.236408400000084,0.278170000000139
0.0052466,0.485403900000316,0.003685,0.036937900000002,0.203408900000061,0.265317700000113
0.156858500000016,0.483260600000316,0.075221700000003,0.064409300000008,0.141613000000001,0.078636900000004
0.050062400000008,0.397672400000229,0.027401999999999,0.0369056,0.309865000000143,0.178092600000042
0.066994100000008,0.358257700000192,0.0124385,0.079742900000006,0.275540500000111,0.207026300000059
0.103204700000012,0.414896400000267,0.0211649,0.0129753,0.222225000000069,0.225533700000086
0.15409600000003,0.446142600000273,0.042579000000003,0.0963514,0.177181900000021,0.083649099999999
0.052233400000002,0.483027000000327,0.0014291,0.06563390000001,0.184254600000042,0.213422000000073
0.155291099999992,0.435180800000273,0.0336107,0.025403399999999,0.230627300000071,0.119886699999998
0.057909600000007,0.26947880000013,0.0016292,0.026309799999999,0.192374100000044,0.452298500000297
0.0139979,0.362091800000215,0.082280200000002,0.149275800000007,0.242288200000091,0.150066100000017
0.137103300000011,0.264139900000115,0.020353900000002,0.097200899999996,0.241492500000083,0.239709500000093
0.036940799999999,0.326510400000165,0.075629000000008,0.033023200000001,0.247891000000092,0.28000560000013
0.125851299999991,0.324614600000162,0.0006769,0.0032039,0.225777500000077,0.319875800000175
0.1218073,0.399278700000234,0.0099539,0.135557399999993,0.182248600000024,0.151154100000004
0.103451400000006,0.346055500000188,0.064124300000009,0.047824700000005,0.23109220000008,0.207451900000068
0.140532200000008,0.1159428,0.0105771,0.101789399999999,0.262850700000103,0.368307800000221
0.091645800000007,0.367348800000211,0.040287500000002,0.027533199999999,0.27431420000012,0.198870500000054
0.114397699999988,0.339599600000181,0.066652800000007,0.044150100000003,0.271220700000119,0.16397910000002
0.203668300000047,0.274313400000104,0.049750100000004,0.039421200000001,0.300263600000144,0.132583399999997
0.081315500000006,0.463054500000304,0.0212386,0.144972400000009,0.222596400000074,0.066822600000012
0.0171231,0.346267200000189,0.0022843,0.017191199999999,0.132681199999995,0.484453000000332
6.86000000000008E-05,0.38361220000022,0.0138185,0.10797969999999,0.201253600000044,0.293267400000139
0.015952399999999,0.51771880000028,0.0001127,0.0001142,0.124447199999985,0.341654700000197
0.055787300000006,0.301162900000153,0.044382200000005,0.051895100000006,0.278107200000128,0.268665300000118
0.0492848,0.470621400000303,0.029482799999999,0.080018100000004,0.169888200000026,0.200704700000053
0.175635800000039,0.28271450000013,0.025917599999997,0.058260900000005,0.195657300000057,0.261813900000119
0.015404,0.554591000000101,0.0135893,0.064937000000007,0.220395900000059,0.131082799999986
0.088676200000003,0.440043400000291,0.0166989,0.101060899999994,0.263857700000099,0.089662900000003
0.146967500000024,0.259782600000098,0.06475570000002,0.093760599999999,0.314415900000157,0.120317699999992
0.100418400000012,0.292533700000134,0.0031513,0.061293800000011,0.207400200000049,0.335202600000185
0.113419400000003,0.395780800000235,0.008859300000001,0.027694799999999,0.310801000000167,0.143444700000004
0.042370400000002,0.609590699999846,0.0001513,0.0016009,0.235337200000085,0.110949499999987
0.0040924,0.409817400000259,0.0121146,0.046523900000003,0.29369040000013,0.233761300000089
0.0206978,0.416445700000258,0.0001579,0.094991299999996,0.204556300000055,0.263151000000122
0.091811900000002,0.439353300000284,0.064714200000015,0.133505199999992,0.257438500000106,0.0131769
0.019706199999999,0.272051700000123,0.018319399999999,0.117587099999989,0.389495400000237,0.182840200000039
0.015367499999999,0.374885800000214,0.0127096,0.098569099999997,0.149400000000007,0.349068000000198
0.0268674,0.425335200000269,0.030548199999999,0.165363700000022,0.16150610000001,0.190379400000054
0.0159787,0.334960600000179,0.0065495,0.117637599999991,0.222053100000066,0.302820500000158
0.120401299999999,0.455122700000289,0.043310200000003,0.055778700000006,0.231799000000072,0.093588100000003
0.0133056,0.442419100000281,0.0224074,0.017725899999999,0.291313100000138,0.212828900000066
0.039283200000003,0.500451700000351,0.057173100000006,0.020619099999999,0.134939599999994,0.247533300000098
0.080874400000014,0.410081400000253,0.040907600000002,0.012693899999999,0.167650900000017,0.287791800000136
0.073224800000004,0.427908700000269,0.0100127,0.172826200000034,0.217470900000076,0.098556699999999
0.040174,0.370905900000219,0.042323100000003,0.047308200000003,0.163807300000018,0.335481500000188
0.212624400000055,0.257564900000097,0.083933600000003,0.057746500000008,0.155512500000012,0.232618100000085
0.118230799999998,0.409184000000249,0.027142699999998,0.140931899999998,0.27382850000012,0.030682099999999
0.101213500000008,0.457202600000285,0.0098114,0.054141900000007,0.131569999999989,0.246060600000103
0.0592203,0.27269000000012,0.053273500000004,0.020327899999999,0.257524400000102,0.336963900000187
0.076395600000006,0.41975860000024,0.0117325,0.089086999999998,0.169055100000022,0.233971200000089
0.118825699999998,0.504442300000324,0.044690900000003,0.0001302,0.241704800000088,0.090206099999998
0.0314594,0.222145400000067,0.0204958,0.162688900000016,0.359672600000207,0.203537900000057
0.044784600000004,0.319486900000169,0.051351300000003,0.097813799999998,0.218262200000058,0.268301200000114
0.072083299999998,0.442155700000282,0.060190100000007,0.017953299999999,0.245050000000092,0.162567600000021
0.123006399999984,0.545806800000188,0.027157200000001,0.040991500000003,0.181366300000034,0.081671800000011
0.066699900000007,0.4570880000003,0.059919900000008,0.051057100000005,0.139126300000004,0.22610880000008
0.059366000000003,0.52891410000024,0.0005079,0.066459500000009,0.112655499999995,0.232097000000085
0.101201099999992,0.420579300000266,0.009745899999999,0.108876499999999,0.261476500000104,0.098120699999996
0.057052000000009,0.374052900000222,0.040422500000002,0.0081322,0.215956900000066,0.304383500000152
0.110264400000012,0.295544800000139,0.024615599999999,0.245571000000098,0.230829400000076,0.0931748
0.0117037,0.574191200000001,0.057799100000006,0.045119100000004,0.127250499999987,0.183936400000044
0.036131799999999,0.273204700000118,7.4300000000001E-05,0.06117840000001,0.393167100000241,0.236243700000089
0.094110200000011,0.535465900000184,0.078685900000012,0.034014100000001,0.203219700000048,0.054504200000004
0.0120166,0.376829100000217,0.069024300000007,0.065033400000009,0.347190600000176,0.129905999999989
0.068524700000003,0.330931600000173,0.0049748,0.075068200000005,0.222560300000072,0.297940400000152
0.101342699999997,0.305009000000155,0.030130099999999,0.055655900000004,0.292972300000134,0.214890000000067
1.91E-05,0.360574600000199,0.040745300000003,0.142792299999999,0.235737800000082,0.220130900000081
0.063480099999998,0.271139500000115,0.0312931,0.079509800000002,0.275493900000119,0.279083600000126
0.115100200000011,0.218792900000071,0.041496600000003,0.204604100000069,0.192986200000047,0.227020000000081
0.014824,0.430270600000263,0.0085701,0.124178199999984,0.212972100000067,0.209185000000067
0.057482499999999,0.453914500000306,0.038863900000001,0.107944499999995,0.232846900000081,0.108947699999995
0.107258499999991,0.525173700000229,0.025367299999999,0.135556499999995,0.167446600000027,0.039197400000002
0.085515500000006,0.266639800000113,0.067159800000013,0.261497800000114,0.211546600000067,0.10764049999999
0.097713800000009,0.372421400000214,0.0960222,0.016741599999999,0.209526100000057,0.207574900000069
0.108700300000012,0.252103700000105,0.017735399999998,0.121125499999993,0.203274400000054,0.29706070000015
0.047201100000001,0.475787200000306,0.036102100000001,0.070072700000006,0.207438100000048,0.163398800000022
0.065659800000009,0.409359800000246,0.015049499999999,0.121819399999987,0.19789320000004,0.190218300000051
0.114442300000016,0.49538640000034,0.060301900000006,0.029337799999999,0.138961299999997,0.161570300000015
0.107345600000014,0.485032000000318,0.082063900000021,0.050897900000004,0.19507020000004,0.079590400000003
0.091126899999996,0.310937900000151,0.096089200000001,0.019642999999999,0.237902900000091,0.244300100000097
0.0146975,0.560496400000107,0.032308299999999,0.035695300000001,0.174027500000031,0.182775000000038
0.149752000000026,0.456524200000295,0.081619700000021,0.046664600000004,0.114084099999997,0.151355400000005
0.131533300000003,0.388018700000231,0.0116904,0.172529200000032,0.228743900000071,0.067484500000008
0.127483700000022,0.330399800000165,0.009643000000002,0.0340624,0.349463400000191,0.148947699999999
0.012736,0.422276900000258,0.0046248,0.099076599999997,0.231967100000074,0.229318600000078
0.248040100000062,0.385470900000221,0.0043551,0.023380399999999,0.113716699999991,0.225036800000082
0.070634600000006,0.293414500000137,0.094979999999998,0.082350400000003,0.293570400000134,0.165050100000022
0.036834500000001,0.479514900000324,0.0008226,0.0367878,0.24927330000009,0.19676690000006
0.081514500000004,0.427244100000264,0.020515899999999,0.021356099999999,0.294717500000136,0.154651900000017
0.110550600000013,0.354637100000192,0.002274,0.057222700000007,0.342742100000189,0.13257349999999
0.099311199999993,0.486579600000327,0.0066519,0.0039335,0.15459990000001,0.248923900000097
0.193804300000045,0.220420800000068,0.010963500000001,0.076379900000006,0.317577400000163,0.180854100000037
0.059371899999998,0.475977600000309,0.0295672,0.011183199999999,0.200752300000056,0.223147800000073
0.193082300000018,0.409010900000244,0.0262274,0.053870400000004,0.17817550000004,0.139633500000002
0.109088800000013,0.254080600000102,0.0017557,0.067491300000008,0.336636200000181,0.230947400000088
6.13000000000007E-05,0.289741200000132,0.0064512,0.150247700000009,0.296805600000137,0.256693000000117
0.184089500000037,0.202165900000057,0.073289100000025,0.000747,0.179879200000039,0.359829300000206
0.080795000000006,0.435239700000272,0.039678800000001,0.0870871,0.167944800000025,0.189254600000041
0.0147922,0.541052900000159,0.0104085,0.195977000000053,0.139758399999996,0.098011000000001
0.013107699999999,0.243816400000099,0.0005223,0.191595300000057,0.245512200000096,0.305446100000156
0.049811499999998,0.560284300000097,0.0268043,0.149764400000011,0.17176650000003,0.041569000000003
0.048655800000006,0.241506300000091,0.010619500000001,0.000194,0.292292600000143,0.406731800000262
0.108536800000011,0.437855900000271,0.012298500000003,2.58999999999999E-05,0.178979200000035,0.262303700000109
0.114068300000011,0.459241400000304,0.043856300000002,0.065430500000009,0.233227800000087,0.084175700000003
0.136059800000026,0.203568100000059,0.0018071,0.210086600000065,0.324190100000167,0.124288299999992
0.190667000000018,0.41754950000026,0.0386141,6.60000000000008E-05,0.317626500000155,0.035476900000003
0.238172400000067,0.281484600000113,0.0386877,0.078504500000005,0.177291900000032,0.185858900000049
0.060413000000007,0.328012700000174,0.070968200000007,0.0011523,0.20822480000006,0.331229000000184
0.066107900000008,0.610656799999867,0.0062451,0.081177500000003,0.1365579,0.099254799999998
0.114823799999998,0.345425300000195,0.037130100000003,0.017542699999999,0.271763400000111,0.213314700000077
0.0184249,0.501833800000327,0.008987499999999,0.14845040000001,0.239400000000079,0.082903400000003
0.0284267,0.4534646000003,0.0005607,0.0001242,0.156032200000014,0.36139160000021
0.076845100000009,0.477592200000313,0.029390199999999,0.042118300000002,0.232417400000082,0.141636799999996
0.123024800000014,0.328587700000177,0.0024137,0.040509900000003,0.231679900000078,0.273784000000123
0.11562300000001,0.3653842000002,0.029048499999999,0.131197599999986,0.183911000000044,0.17483570000003
0.040828100000004,0.463961400000293,0.0131141,0.044464700000003,0.184472900000043,0.253158800000104
0.060826199999999,0.485205600000325,0.029996299999998,0.185666900000044,0.160036600000023,0.078268400000005
0.09786630000002,0.311964100000158,0.0008925,0.024748199999999,0.202869400000052,0.361659500000206
0.078452000000004,0.389383200000234,0.0299189,0.198160500000059,0.151010900000009,0.15307450000001
0.187516300000042,0.220399700000074,0.019046599999999,0.079311900000003,0.184062600000038,0.309662900000164
0.027746400000001,0.293068900000137,0.020216599999999,0.123034199999988,0.391873100000219,0.144060800000002
0.0001021,0.308700300000151,0.0045148,0.112800799999989,0.178782300000022,0.395099700000239
0.100428100000011,0.364039700000216,0.046416400000003,0.042679200000002,0.188983400000032,0.257453200000113
0.086841399999995,0.281775200000135,0.0192476,0.145383399999997,0.191832500000032,0.274919900000127
0.0244754,0.379109700000228,0.094371099999996,0.049238000000006,0.131881899999992,0.320923900000179
0.051059300000006,0.264949400000107,0.0024237,0.041324800000001,0.285398700000125,0.35484410000021
0.124365400000016,0.267201100000109,0.0099996,0.146358700000005,0.205142000000062,0.246933200000092
0.039610200000003,0.439650300000281,0.0041274,0.077384400000002,0.216538000000063,0.222689700000081
0.127094199999986,0.378676500000218,0.027842599999999,0.0351344,0.302611900000126,0.128640399999986
0.167637800000045,0.353244800000191,0.086814800000002,0.084058000000002,0.203635400000055,0.104609199999995
0.135586000000014,0.451918500000284,0.0022308,0.0224829,0.129841799999994,0.257940000000108
0.020824899999999,0.188999800000036,0.000302,0.173330300000032,0.203959000000054,0.412584000000262
0.094631200000006,0.212291500000076,0.1373385,0.085111900000004,0.208183800000058,0.262443100000113
0.116767099999988,0.401642400000249,0.108101299999997,0.142051700000001,0.231318300000079,0.0001192
0.072808000000004,0.400023200000242,0.0012421,0.099501799999995,0.361507900000208,0.064917000000012
0.0538634,0.398139100000234,0.0139395,0.078437800000006,0.270014700000098,0.185605500000049
0.028638899999999,0.506507000000326,0.007231,0.0020559,0.196043200000045,0.259524000000109
0.161640900000028,0.466331200000303,0.0055114,0.093722100000001,0.210648200000055,0.062146200000006
0.128283800000015,0.480794100000318,0.057367200000006,0.0056129,0.202127200000045,0.12581479999999
0.104932400000016,0.457412500000296,0.0150468,0.074887300000007,0.162554700000021,0.185166300000046
0.072979600000004,0.306413100000145,0.114507499999998,0.117137199999993,0.191982700000039,0.196979900000057
0.054711700000002,0.37825480000022,0.0360266,0.097033799999997,0.191996300000044,0.241976800000096
0.0087661,0.309275400000166,0.0334873,0.131517599999984,0.332225300000172,0.184728300000047
0.048170200000004,0.402789800000245,0.046397500000003,0.213694100000071,0.232800200000093,0.056148200000008
0.109390899999985,0.328596900000172,0.0064581,0.065462100000009,0.173822300000026,0.316269700000173
0.0061452,0.543884500000168,0.0001469,0.048258200000004,0.192126500000053,0.209438700000069
0.074821200000002,0.396412400000229,0.124722399999999,0.061018000000007,0.268148800000109,0.074877200000004
0.0105569,0.259425000000104,0.0074389,0.110353299999995,0.212845800000068,0.399380100000253
0.0588576,0.298494800000153,0.026582599999998,0.033811000000001,0.157911800000016,0.424342200000278
0.069152500000003,0.481776600000317,0.0070899,0.054925500000005,0.215838300000079,0.17121720000003
0.131419500000015,0.436526200000275,0.076147900000009,0.160049200000023,0.137824899999994,0.05803230000001
0.042158500000003,0.386652700000234,0.050391200000003,0.085394800000004,0.196806200000053,0.238596600000088
0.105666800000006,0.345278600000186,0.0080575,0.112911499999993,0.28189930000012,0.146186300000003
0.114121699999999,0.333269300000165,0.0032967,0.037135000000001,0.217356700000064,0.294820600000144
0.053464200000006,0.337093000000183,0.0106041,0.102506199999994,0.377594300000206,0.11873819999999
0.036747300000002,0.435690700000258,0.0011998,0.056524200000005,0.236453400000079,0.233384600000081
0.050505500000004,0.207430800000065,9.79000000000016E-05,0.0003415,0.106245799999991,0.635378499999793
0.022347,0.308918200000152,0.0156953,0.137518699999992,0.344329100000184,0.171191700000021
0.055315999999999,0.58328549999998,0.025366499999998,0.050751100000006,0.228285900000081,0.056995000000006
0.116349700000024,0.443271400000281,0.034547699999999,0.062605900000008,0.266356600000114,0.076868700000009
0.114598099999995,0.430099900000268,0.0134042,0.085023300000001,0.165549500000022,0.191325000000048
0.060869900000007,0.310190200000159,0.0009527,0.035902600000001,0.2654370000001,0.326647600000184
0.0092508,0.427767700000273,0.031627599999999,0.026935399999999,0.198488900000045,0.305929600000151
0.038861400000001,0.58325250000005,0.000257,0.0084831,0.173053900000031,0.196092100000044
0.080610400000001,0.340792100000171,0.025697799999998,0.130891599999987,0.141140600000002,0.280867500000135
0.058935000000002,0.419919700000262,0.021426899999999,0.0059666,0.117015900000003,0.376735900000224
0.174563000000034,0.450294300000295,0.0183046,0.0011808,0.132761299999989,0.222896000000071
0.137104200000007,0.37894900000022,0.020607499999998,0.044612300000004,0.318596200000162,0.100130799999994
0.140350400000018,0.314883300000151,0.017929999999999,0.0021178,0.273620800000115,0.251097700000097
0.115191599999983,0.32837660000016,0.0022977,0.077566200000004,0.380094500000209,0.096473399999998
0.118067399999997,0.290794500000138,0.009329,0.0154491,0.280521600000128,0.285838400000129
0.075536900000002,0.276837400000118,0.010197700000001,0.121367299999985,0.186188700000041,0.329872000000174
0.0036387,0.336143000000178,0.060319400000008,0.049312400000002,0.257562200000093,0.293024300000149
0.214855300000093,0.408006600000256,0.009873700000001,0.0009623,0.16106340000001,0.205238700000061
0.092961400000012,0.465665300000302,0.097672300000009,0.160329100000015,0.122043699999992,0.061328200000009
0.086159100000005,0.367872100000206,0.024179700000001,0.073840900000006,0.216329300000062,0.231618900000088
0.0573782,0.490631900000337,0.0046269,0.0081895,0.190022100000047,0.249151400000101
0.0374116,0.318516700000156,0.0378529,0.049214200000004,0.37062980000021,0.186374800000048
0.171077900000025,0.512024600000274,0.053017400000002,0.038383600000001,0.15566100000001,0.069835500000011
0.058039599999998,0.397622300000233,0.026078499999999,0.006378,0.173204400000026,0.338677200000178
0.163849099999998,0.374698800000218,0.013866,0.074253400000006,0.153869600000012,0.21946310000007
0.052895899999998,0.337526300000174,0.100486500000001,0.044772700000002,0.292468700000126,0.171849900000029
0.147355300000012,0.34674920000018,0.007086999999999,9.96000000000016E-05,0.188591300000036,0.310117600000155
0.104823899999995,0.392489200000226,0.0067509,0.089609099999997,0.243138000000069,0.163188900000026
0.124942800000009,0.363133300000209,0.023677399999999,0.024598899999999,0.190437000000042,0.273210600000124
0.041686300000003,0.510552800000275,0.027512999999999,0.0103372,0.253895000000108,0.156015700000016
0.104253499999995,0.398549100000227,0.0067912,0.232363500000093,0.1384246,0.119618099999989
0.057628900000004,0.340038300000182,0.0326025,0.043699600000004,0.334795300000175,0.191235400000043
0.075106300000008,0.294648000000148,0.054611900000006,0.152548900000008,0.257083800000113,0.166001100000026
0.0319867,0.312349000000163,0.015665999999999,0.057563700000007,0.112680599999993,0.469754000000314
0.095183100000007,0.406176700000248,0.052120500000004,0.078826300000005,0.14864280000001,0.219050600000075
0.0151204,0.621572899999811,0.0323974,0.034877400000002,0.156343100000014,0.139688800000001
0.178063300000053,0.407476600000249,0.043722900000003,0.13046359999999,0.124479399999989,0.115794199999996
0.081257699999996,0.495893900000341,0.050954900000005,0.06058180000001,0.216591000000061,0.094720699999995
0.120138300000014,0.419621100000276,0.053050800000007,0.0153553,0.17770410000004,0.214130400000069
0.0012168,0.34788360000018,0.032054899999999,0.206271900000056,0.24900920000009,0.163563600000024
0.162121200000027,0.451340000000296,0.018847899999999,0.068575000000007,0.106531199999992,0.192584700000051
0.027364699999999,0.258981900000106,0.0072238,0.338623300000192,0.188836500000041,0.178969800000039
0.047821000000005,0.60577549999989,0.049556600000002,0.062974900000009,0.168285000000025,0.06558700000001
0.406544600000199,0.299601000000144,0.0025815,7.04000000000009E-05,0.223606200000063,0.067596300000006
0.044196400000003,0.328573600000181,0.07084920000001,0.212394300000075,0.061029300000005,0.282957200000136
0.16118710000003,0.303785800000151,0.030195399999999,3.42E-05,0.091957500000003,0.412840000000266
0.077133,0.440043800000279,0.0023592,0.019764299999999,0.125524099999992,0.335175600000186
0.118119200000019,0.607265499999893,0.031632299999998,0.0313165,0.171557900000025,0.0401086
6.54000000000008E-05,0.497619800000329,0.0018923,0.042740500000003,0.15247400000002,0.305208000000156
0.061934899999998,0.378202600000226,0.001826,0.0042401,0.311972400000151,0.241824000000097
0.030389499999999,0.272876700000114,0.077487400000002,0.140459999999997,0.32599950000017,0.152786900000008
0.121088499999988,0.368604800000207,0.026345399999999,0.026401499999999,0.174971100000029,0.28258870000014
0.034543900000002,0.37872370000023,0.043809500000004,0.218607800000075,0.171530400000034,0.152784700000012
0.073785700000008,0.450617900000284,0.010363899999999,0.17214510000003,0.176764500000019,0.116322899999989
0.096801600000006,0.352477100000197,0.0083511,0.125914499999987,0.294861700000137,0.121593999999993
0.154193800000023,0.343934400000183,0.010353500000002,0.0017996,0.249084600000106,0.240634100000096
0.139022600000023,0.270598200000123,0.042779200000002,0.019462299999999,0.272755600000123,0.255382100000106
0.026139699999999,0.268973200000115,0.092871800000006,0.089236699999996,0.365275300000195,0.157503300000014
0.107883900000017,0.221839200000073,0.032391099999999,0.068385200000012,0.180092300000032,0.389408300000242
0.141121400000023,0.265990000000117,0.061147100000007,0.022142499999999,0.174946600000031,0.334652400000179
0.015436399999999,0.596003999999936,0.010811999999999,0.0002861,0.096738799999998,0.280722700000144
0.035032000000002,0.387574000000231,0.0022675,0.137819299999997,0.256980000000099,0.180327200000031
0.20233070000003,0.379670100000224,0.043282800000002,0.085940699999998,0.189011100000045,0.099764599999997
0.037196400000002,0.512971600000293,0.0023603,0.0339106,0.287548600000129,0.126012499999986
0.077097300000003,0.453011700000296,0.0017057,0.050469200000003,0.223619000000076,0.194097100000059
0.069074400000001,0.367852800000204,0.055981000000004,0.059547600000007,0.214855300000067,0.23268890000009
0.048062000000003,0.443752000000285,0.020094299999999,0.163446200000018,0.21183590000006,0.112809599999988
0.042398500000002,0.35580870000019,0.024064699999999,0.146031000000005,0.233731000000082,0.197966100000058
0.11557980000001,0.294223100000132,0.018525799999998,0.25407390000011,0.145661400000011,0.171936000000032
0.037504200000001,0.259426300000114,0.070152000000008,0.063716600000009,0.216262600000081,0.352938300000196
0.072681400000002,0.204602400000058,0.0130244,0.108111999999994,0.139115300000004,0.462464500000303
0.024031800000001,0.734034099999335,0.0370255,0.018978199999999,0.056332900000004,0.129597499999996
0.045070900000004,0.373262600000215,0.0041381,0.177361000000037,0.239817700000085,0.16034970000001
0.135805000000009,0.308198100000142,0.024216399999999,0.023354799999999,0.264891600000106,0.243534100000103
0.079010100000002,0.35243140000019,0.062158700000011,0.032856200000002,0.300829500000139,0.172714100000027
0.034104600000006,0.238108000000089,0.016803099999999,0.000675,0.111726599999993,0.598582699999927
0.040975800000003,0.526778300000218,0.0014672,0.060464400000007,0.269921000000116,0.100393300000002
0.0178402,0.230353700000093,0.0135186,0.226637700000075,0.301632200000132,0.210017600000061
0.0691057,0.3523650000002,0.000719,0.118724099999987,0.132673499999996,0.326412700000186
0.028111199999999,0.360932500000203,0.045737600000001,0.270190100000118,0.221481100000066,0.073547500000003
0.091123799999998,0.350333800000191,0.06904710000002,0.101660699999995,0.238061100000087,0.149773500000014
0.116959300000001,0.445772500000278,0.041777800000003,0.0054548,0.263906300000098,0.126129299999987
0.0238988,0.448838500000291,0.044060200000003,0.021230899999999,0.259313800000119,0.202657800000069
0.088292000000004,0.317472700000165,0.013113699999999,0.037390300000001,0.269464000000117,0.274267300000131
0.070109100000001,0.332666600000172,0.057490100000004,0.053550500000007,0.098308599999995,0.387875100000238
0.124594400000021,0.304997000000141,0.013761100000002,0.0004289,0.246212300000103,0.310006300000163
0.062670800000003,0.276982400000115,0.097794999999994,6.59000000000008E-05,0.253225500000102,0.309260400000156
0.094919000000001,0.194870600000058,0.0041198,0.104684199999991,0.081249600000006,0.520156800000238
0.021112899999999,0.515770700000258,0.0343647,0.110734099999997,0.164502400000016,0.153515200000011
0.068270500000008,0.223795400000073,0.0327255,0.083775100000004,0.184658500000032,0.406775000000259
0.092187600000007,0.30817900000015,0.0021104,0.139051099999999,0.16938090000002,0.289091000000143
0.040225400000002,0.394584300000242,0.0166999,0.20231020000006,0.216615800000073,0.12956439999999
0.078275200000005,0.147834400000007,0.009655100000001,0.089295699999998,0.326798700000148,0.348140900000193
0.0049717,0.322473000000171,0.058715100000007,0.229818400000085,0.278052100000122,0.105969699999994
0.062096799999999,0.374211600000223,0.043185200000002,0.17514660000003,0.214700500000074,0.130659299999992
0.083909700000006,0.493080900000328,0.030907699999999,0.042385900000003,0.276995600000127,0.072720200000007
0.154109800000023,0.660878699999651,0.007503199999999,0.000132,0.095822199999996,0.081554100000006
0.115636600000003,0.348312300000197,0.043407900000003,0.0115995,0.111447999999989,0.369595700000228
0.288596800000118,0.298177400000147,0.011408800000001,0.057106300000005,0.103691000000003,0.241019700000101
0.088894400000002,0.336157900000189,0.060866300000009,0.0161357,0.395772900000227,0.102172799999996
0.133599899999983,0.290463000000128,0.0325086,0.0016866,0.229847700000071,0.311894200000155
0.057158500000005,0.485236900000332,0.0080178,0.169484500000032,0.21284860000007,0.06725370000001
0.033830699999999,0.396640400000242,0.0002571,0.020937099999999,0.229362300000085,0.318972400000169
0.0083432,0.314317600000158,0.136047799999999,0.038655500000001,0.237546200000093,0.265089700000121
0.020658099999999,0.349702000000184,0.090021300000001,0.0156286,0.233167700000079,0.290822300000137
0.0129069,0.353695200000203,0.037434,0.038918700000001,0.139303800000002,0.417741400000269
0.071414700000003,0.259129500000113,0.024716899999999,0.034536500000001,0.273258200000114,0.336944200000183
0.110706699999998,0.232709700000084,0.032923999999999,0.024803399999999,0.289374800000132,0.309481400000161
0.130020400000008,0.327574900000168,0.076734200000003,0.242228800000086,0.181778900000041,0.041662800000001
0.041824400000004,0.50678290000031,0.136692800000011,0.029671799999999,0.141732999999999,0.1432951
0.052906900000002,0.502585300000337,0.027636099999999,0.049558100000005,0.164678600000024,0.202635000000057
0.102971899999999,0.417524500000243,0.022497399999999,0.0392444,0.275811500000128,0.14195030000001
0.192133100000013,0.340146900000191,0.008726999999999,0.0131305,0.328496300000163,0.117366199999992
0.0223278,0.488549500000313,0.0233979,0.129833499999989,0.220620100000069,0.115271199999996
0.101106299999998,0.277382500000117,0.076217800000006,0.066899600000005,0.391912400000237,0.0864814
0.048813800000004,0.555402600000124,0.0181482,0.075336500000004,0.19968440000005,0.102614500000001
0.059155599999997,0.402813300000246,0.051998100000005,0.0185458,0.2601186000001,0.207368600000059
0.116568500000005,0.266705800000098,0.0166986,0.069248300000008,0.128186499999994,0.402592300000248
0.093087099999993,0.369747900000208,0.023365099999999,0.043966000000003,0.163880100000021,0.305953800000166
0.151547400000006,0.141760900000001,0.0013546,0.320110500000172,0.20631030000005,0.178916300000039
0.046840900000002,0.343311200000184,0.0082218,0.013796499999999,0.197702400000038,0.390127200000237
0.045262900000002,0.414248900000257,0.020441999999999,0.058412800000007,0.243456500000083,0.218176900000072
0.054501800000003,0.510912700000309,0.025073199999999,0.053997800000006,0.183463200000039,0.172051300000032
0.124082400000015,0.530551600000238,0.008896300000001,0.138446999999997,0.095845299999999,0.102177399999997
0.06860290000001,0.407343300000242,0.0119387,0.243835500000102,0.163509600000022,0.10477
0.241055800000069,0.256410900000099,0.0044102,0.0001046,0.180155600000033,0.317862900000164
0.129279000000003,0.453784600000296,0.041533800000001,0.046389300000004,0.164863500000014,0.164149800000023
0.187523200000055,0.370278000000208,0.0109867,0.0229365,0.262613600000105,0.145662000000012
0.037907000000002,0.370271600000218,0.056414300000004,0.119381099999991,0.272188000000127,0.143838000000002
0.172790200000001,0.438644800000283,0.039136200000003,0.049552800000003,0.204789300000053,0.095086700000007
0.075337500000001,0.251452300000099,0.035474299999999,0.0001307,0.287151800000125,0.350453400000201
0.099851800000009,0.156287100000019,0.056289200000004,0.0084627,0.454024100000296,0.225085100000078
0.104323000000002,0.586724499999985,0.0004786,0.035481700000001,0.180396900000027,0.092595300000006
0.026830399999999,0.630607599999813,0.0011706,0.024976899999999,0.285625500000135,0.030788999999998
0.0105671,0.222270300000077,0.045405300000002,0.064240600000009,0.213493300000062,0.444023400000294
0.113429200000011,0.307138700000154,0.034569100000002,0.108321099999989,0.193708000000036,0.242833900000101
0.088851900000012,0.400186600000224,0.006651899999999,0.084942300000008,0.204381200000057,0.214986100000071
0.08015170000001,0.467263100000309,0.069595600000007,0.031683,0.200541100000041,0.150765500000012
0.007617,0.305054300000156,0.0071288,0.044086600000002,0.263834500000107,0.372278800000221
0.007296,0.38023230000022,0.0002253,0.098675599999997,0.194682400000042,0.318888400000166
0.0306135,0.486049900000319,0.046265300000003,0.101460699999997,0.21665530000007,0.118955299999993
0.232073300000073,0.139156400000006,0.0030718,0.157583500000003,0.178046300000027,0.290068700000152
0.051608600000006,0.601328299999875,0.0030427,0.081617900000002,0.146626300000007,0.115776199999991
0.17739740000004,0.495126100000333,0.007775399999999,0.0039957,0.225851900000085,0.089853500000009
0.207311900000041,0.33272580000017,0.017272200000002,0.095733599999998,0.186615600000034,0.160340900000022
0.127757100000012,0.560694300000084,0.0033327,0.0315381,0.171180200000031,0.105497600000003
0.056082500000002,0.181690400000045,0.035448300000001,0.037848400000001,0.218626700000077,0.470303700000317
0.018049499999999,0.315161700000169,0.051157900000005,0.031112599999999,0.390350000000224,0.194168300000049
0.119122499999992,0.388965200000243,8.22000000000012E-05,0.069848400000006,0.176823100000032,0.245158600000095
0.049155400000004,0.559127500000086,0.0001365,7.28000000000009E-05,0.237841400000096,0.153666400000014
0.016774,0.4519123000003,0.011773999999999,0.057210200000007,0.176350400000033,0.285979100000148
0.085232500000004,0.404704800000253,0.059202400000008,0.029277199999999,0.233968100000079,0.187615000000041
0.0329535,0.31823250000016,0.0007357,0.039657300000001,0.229969000000072,0.378452000000226
0.083356800000011,0.393365300000226,0.030786699999999,0.080714000000004,0.085927400000001,0.325849800000183
0.050430200000004,0.469541200000296,0.0200954,0.038497700000001,0.287196400000119,0.134239100000001
0.125314900000025,0.456195200000303,0.056004500000007,0.0275466,0.099024299999998,0.2359145000001
0.100948999999998,0.434080100000263,0.0007997,0.048337600000004,0.227153700000068,0.188679900000051
0.0286985,0.40806130000025,0.0008401,0.078176700000002,0.222756600000071,0.261466800000112
0.093791400000005,0.338584600000175,0.016951299999999,0.146193600000005,0.25532000000009,0.149159100000016
0.047520500000004,0.414667100000251,0.043924300000003,0.0160225,0.174642400000029,0.303223200000149
0.0776634,0.459818000000304,0.041385000000002,0.160092700000018,0.16661810000002,0.0944228
0.052422800000005,0.432381500000265,0.111623199999992,0.030921299999999,0.199584800000039,0.173066400000037
0.134041700000016,0.221839500000057,0.050747000000003,0.215959200000074,0.225768400000072,0.15164420000001
0.158864900000035,0.413030100000255,0.041855600000002,0.055267300000006,0.250096200000104,0.080885900000001
