C,D,PoP,L,PeP,Dec
0.104002299999991,0.206199800000049,0.0097404,0.207344800000055,0.134826399999992,0.337886300000188
0.0076698,0.457758500000301,0.038139800000002,0.143598500000007,0.077431700000003,0.275401700000127
0.037696300000001,0.519184500000265,0.0008983,0.146013700000004,0.090625899999999,0.205581300000061
0.0119987,0.300665300000152,0.021404999999999,0.215703700000072,0.042539600000002,0.40768770000025
0.0001131,0.1037548,0.0274495,0.136273699999998,0.155057900000013,0.577351000000009
0.043238800000002,0.282272300000141,0.0105733,0.1514269,0.159503500000009,0.352985200000198
6.99000000000009E-05,0.292044600000137,0.035950500000001,0.180639300000036,0.171659700000034,0.319636000000173
0.039877300000002,0.476360600000325,3.80000000000001E-05,0.124963099999986,0.197681500000049,0.16107950000002
0.0162931,0.402491600000238,0.059611300000006,0.125569199999992,0.145430000000008,0.250604800000106
0.0654516,0.16141820000002,0.014453399999999,0.322665600000167,0.174384500000027,0.261626700000113
0.0001264,0.146341800000013,7.00000000000009E-05,0.085253200000002,0.479841500000329,0.288367100000143
0.000111,0.337576000000176,6.67000000000008E-05,0.145638400000005,0.067290900000006,0.449317000000293
6.39000000000007E-05,0.28302430000013,0.099165199999995,0.083556400000002,0.236118200000088,0.298072000000144
8.14000000000011E-05,0.246968200000094,0.040501400000003,0.194259900000048,0.057298300000005,0.460890800000301
9.01000000000014E-05,0.403871800000252,0.0001132,0.150547900000008,0.112098799999988,0.333278200000186
0.0213783,0.204448000000063,0.10817079999999,0.129724999999989,0.360380200000207,0.175897700000035
0.0001821,0.287017900000137,0.057708700000009,0.183479400000032,0.162865400000019,0.308746500000143
0.0614185,0.444041700000292,0.022846199999999,0.218953600000062,0.023996799999999,0.228743200000077
0.079369900000011,0.269785700000115,0.044369800000004,0.183022300000043,0.105834499999992,0.317617800000168
0.0107601,0.33003840000019,0.0117503,0.232204400000083,0.149433700000006,0.265813100000112
0.065288999999999,0.380823700000224,0.020840199999999,0.198123300000041,0.102682699999996,0.232241100000088
0.025473299999999,0.463734000000317,8.1200000000001E-05,0.198891100000047,0.0828151,0.229005300000082
7.81000000000011E-05,0.256550100000098,8.76000000000013E-05,0.120840299999993,0.390162700000237,0.232281200000082
0.027810899999999,0.2521698000001,0.0001009,0.107964699999993,0.46272050000031,0.149233200000012
0.0015308,0.228468400000089,0.0120391,0.240081000000087,0.081243000000003,0.43663770000027
0.0280983,0.314103900000153,0.037823000000001,0.106058399999992,0.276090400000135,0.237826000000092
0.0032365,0.371170000000217,0.06551270000001,0.085643299999996,0.249731100000101,0.224706400000082
0.024873900000001,0.414635900000251,0.036526800000002,0.203275200000047,0.100521999999995,0.220166200000072
0.0001006,0.513990000000272,0.0153058,0.153605600000014,0.126809599999985,0.190188400000053
0.039226200000001,0.303768500000139,0.021429099999999,0.209825800000059,0.0143653,0.411385100000259
0.0128346,0.504480200000334,0.024694699999999,0.219836600000069,0.059004000000009,0.179149900000034
0.0160493,0.291399900000132,4.38000000000002E-05,0.244057800000091,0.245696600000102,0.202752600000063
9.62000000000011E-05,0.148245500000005,0.009835,0.27127610000013,0.327116300000168,0.243430900000097
0.0152408,0.32185930000016,0.056828200000006,0.1466031,0.204267900000056,0.255200700000109
0.022062999999999,0.329739000000173,0.051409200000005,0.145709500000002,0.168702500000032,0.282376800000131
0.0204013,0.290009500000132,0.015964399999999,0.222409100000068,0.280190300000134,0.171025400000038
0.104890899999994,0.269550400000121,0.0092388,0.145924000000003,0.0862378,0.38415810000023
0.0001227,0.242897000000103,0.0234401,0.208981000000061,0.241374800000099,0.283184400000129
0.063709900000004,0.142843399999999,0.0061539,0.224185700000064,0.127059899999984,0.436047200000278
0.0001105,0.29588610000014,0.022614599999999,0.232269000000087,0.119711799999991,0.329408000000186
0.033369100000001,0.380514600000213,0.075899500000004,0.197358500000052,0.0003449,0.312513400000158
0.088403700000015,0.54072630000016,0.029711899999998,0.167513500000025,0.0001932,0.173451400000029
0.0400251,0.307631300000142,0.0031385,0.142557600000009,0.16183410000001,0.344813400000191
0.0090255,0.465978300000312,0.0001198,0.182179300000037,0.168325400000026,0.174371700000035
0.010830299999999,0.588410499999951,0.0160619,0.145024299999999,0.085978900000001,0.153694100000009
5.34000000000005E-05,0.203819800000061,0.0029106,0.359572300000204,0.186615700000047,0.247028200000093
0.060796400000002,0.276946900000107,0.006354399999999,0.278416900000103,0.099907099999999,0.277578300000127
0.0258212,0.139491799999994,0.0089272,0.120455299999992,0.242486200000087,0.462818300000304
0.016365799999999,0.262261400000124,0.0051693,0.240486800000098,0.081939300000001,0.393777400000238
0.0064006,0.479831700000316,0.0001256,0.261733300000105,0.067115600000009,0.184793200000045
8.46000000000012E-05,0.186499700000042,0.0118125,0.056765900000004,0.307926000000163,0.436911300000287
0.020708,0.30272020000014,0.0059491,0.294748200000145,0.109893799999993,0.265980700000127
0.030702000000002,0.111657799999992,0.029969999999999,0.139526300000003,0.348700100000199,0.339443800000191
0.044469700000004,0.3558294000002,0.026566099999999,0.203244100000055,0.202984600000064,0.166906100000018
0.0186607,0.232895100000091,0.0036982,0.291774700000138,0.116346299999989,0.336625000000184
0.066836700000007,0.350659900000194,0.029969199999999,0.240546900000088,0.194288000000059,0.117699299999985
0.028258400000001,0.254583400000098,0.0070633,0.236228400000077,0.147266800000004,0.326599700000181
0.023136799999999,0.274920600000108,0.0009845,0.187771300000045,0.114903499999993,0.398283300000243
0.0221315,0.456372500000294,0.0002458,0.245780500000093,0.0062807,0.26918900000013
0.0003471,0.306758000000153,0.061155300000009,0.264425300000115,0.115060299999992,0.252254000000098
0.031800599999999,0.359852600000209,0.019348099999999,0.086562099999997,0.21853450000008,0.283902100000134
0.080493500000007,0.283844800000125,0.083486400000001,0.121761799999988,0.135705699999993,0.294707800000148
0.063499800000011,0.245342500000084,0.057834300000006,0.187635400000035,0.132316099999991,0.31337190000017
0.0226483,0.331731000000179,0.127383699999992,0.147390300000013,0.044558400000002,0.326288300000174
0.018851,0.295080300000136,0.0186892,0.269221000000112,0.051537400000003,0.346621100000185
0.024932699999999,0.156715800000018,0.086848000000002,0.12027849999999,0.124043599999985,0.487181400000327
0.050295300000005,0.28116810000013,7.31000000000009E-05,0.131915599999987,0.094192000000001,0.442355900000287
0.011738099999999,0.388790000000238,0.023825399999999,0.215292800000067,0.179600100000037,0.180753600000037
7.07000000000009E-05,0.428974400000269,0.030354499999999,0.128894199999993,0.041788600000002,0.369917600000217
0.030607699999999,0.215391000000075,0.035136600000002,0.286797900000134,0.062487600000007,0.369579200000223
0.050805399999998,0.550905900000119,0.079971200000007,0.135395199999997,0.0333668,0.149555500000005
6.52000000000007E-05,0.127558999999986,0.0013501,0.095168999999996,0.506199500000331,0.269657200000121
0.113383300000017,0.259292200000108,0.094770999999999,0.256325000000108,0.109998599999994,0.166229900000027
0.053047900000001,0.327754200000177,0.048112300000001,0.240830600000086,0.093501400000001,0.236753600000093
0.0001026,0.283037800000129,0.0063742,0.117052199999991,0.104419399999994,0.489013800000333
0.0120795,0.289859800000133,0.064072700000006,0.174655000000025,0.190635100000045,0.268697900000114
0.069372300000005,0.282629200000131,0.0007787,0.331262000000159,0.110766899999993,0.205190900000059
0.020195599999999,0.329407900000182,0.011882599999999,0.136952799999995,0.077080500000004,0.424480600000267
0.047019900000002,0.254167100000098,0.0091311,0.114121699999991,0.321753400000168,0.253806800000104
0.0002944,0.381177900000223,0.088589900000005,0.152496600000007,0.116272799999992,0.261168400000115
0.035665800000001,0.297210000000141,0.035206000000001,0.326063500000162,0.076613400000004,0.229241300000086
0.012496599999999,0.367400500000217,0.0046774,0.11778659999999,0.223516000000084,0.274122900000138
0.0001525,0.460891300000311,0.0004382,0.114967899999994,0.065710700000012,0.357839400000212
8.59000000000012E-05,0.340591600000176,0.0009539,0.175461700000029,0.093042199999995,0.389864700000244
0.027873500000001,0.241257600000102,0.063825500000007,0.248411400000102,0.068352100000004,0.350279900000191
0.037908200000002,0.38382160000024,0.0006181,0.225022900000076,0.072349700000007,0.280279500000132
0.069101500000004,0.419451600000273,0.0361967,0.252702100000096,0.0203273,0.20222080000005
0.0673408,0.396506800000232,0.010349100000001,0.214297700000061,0.028245999999999,0.283259600000132
0.0051951,0.377349700000227,0.0072314,0.166332300000022,0.105118299999995,0.338773200000193
0.042690299999999,0.300629200000155,0.0196774,0.129219999999985,0.236434300000089,0.271348800000125
0.0050091,0.288369600000128,0.0112585,0.163609700000019,0.014585199999999,0.517167900000284
0.063211500000004,0.272847400000117,0.076774300000004,0.22002960000007,0.085473900000001,0.281663300000128
0.054835800000006,0.302632200000157,0.022649599999999,0.299557600000148,0.149520300000007,0.170804500000036
0.073539600000005,0.41353980000025,0.0013933,0.146873300000004,0.0321435,0.332510500000187
0.070614600000001,0.326995700000162,0.060649000000006,0.249787000000101,0.099271299999994,0.192682400000043
0.033646900000001,0.153850100000001,0.064749900000007,0.142397800000004,0.144693100000005,0.460662200000309
0.088619000000012,0.357149200000199,0.031138299999999,0.260906600000102,0.13122039999999,0.130966499999996
0.105240399999998,0.194516000000048,0.095702599999999,0.212900500000065,0.018907099999999,0.37273340000022
0.0050993,0.457681800000289,0.022648299999999,0.302701500000142,0.050938000000005,0.160931100000033
0.0200527,0.504523200000318,0.0054986,0.134440699999998,0.196847800000053,0.138637
0.022369,0.319749900000164,0.0001574,0.176918400000032,0.026987199999999,0.453818100000301
3.25999999999999E-05,0.327855600000181,0.090087399999998,0.185858400000045,0.125017199999988,0.271148800000114
0.096087500000007,0.162445600000019,0.015063999999999,0.327168500000157,0.201043000000057,0.198191400000065
8.01000000000012E-05,0.320144900000169,0.0001075,0.168934100000031,0.255536000000109,0.255197400000106
0.068929700000002,0.29372780000014,0.0004098,0.202743000000051,0.231923000000086,0.202266700000056
4.73000000000003E-05,0.323607200000163,0.062843100000008,0.26903760000012,0.050644500000004,0.293820300000136
0.0197745,0.238347600000093,0.0224625,0.329738300000175,0.088544499999999,0.301132600000154
0.032966900000002,0.330059300000176,0.0005546,0.245309800000096,0.204122600000053,0.186986800000041
0.109716299999995,0.236580500000087,0.0157804,0.139756899999999,0.023390899999999,0.474775000000317
0.0003853,0.400576900000242,0.009479899999999,0.123433699999989,0.031395600000001,0.434728600000278
0.0160655,0.304833700000152,0.049388500000005,0.162455700000014,0.039129300000001,0.428127300000281
0.0001014,0.382950100000226,0.0001298,0.191429600000029,0.082649200000001,0.342739900000198
0.039359300000004,0.28734470000014,0.0023098,0.187930500000042,0.22850670000008,0.254549000000099
0.019238700000001,0.397013500000239,0.030944999999999,0.188841500000035,0.114463799999993,0.249497500000104
0.0440131,0.265313300000108,0.0083854,0.12395069999999,0.243924500000089,0.31441300000016
0.031013700000001,0.367089200000211,0.0006526,0.218986000000072,0.103917299999997,0.278341200000136
0.016642399999999,0.342893700000193,7.03000000000007E-05,0.219817900000064,0.095017200000001,0.325558500000178
0.044800500000003,0.29474960000014,0.000135,0.310199300000149,0.140834099999993,0.209281500000065
0.027017199999999,0.381809800000231,0.0001836,0.183168200000037,0.276326900000128,0.131494299999995
0.026419000000001,0.33953270000017,0.014343799999999,0.167346100000023,0.145979299999999,0.306379100000154
0.0003558,0.234135800000085,0.0190482,0.144922300000002,0.212674300000065,0.388863600000239
0.0001203,0.441263800000281,0.0030731,0.204745600000047,0.168665400000023,0.182131800000044
0.043201000000003,0.250677500000097,0.017496499999999,0.105455099999995,0.107681199999995,0.47548870000033
0.0598028,0.142696999999995,0.105166899999993,0.364795000000201,0.123589599999983,0.203948700000062
0.0088227,0.333531800000182,0.0052377,0.219750600000075,0.0202968,0.412360400000254
0.031028800000002,0.247803500000105,0.0008913,0.162440200000019,0.279163300000131,0.278672900000129
0.0153459,0.2578016000001,0.035217600000001,0.110643799999996,0.224579700000081,0.3564114000002
0.0065385,0.533870900000216,0.045936800000003,0.097321299999995,0.025664799999999,0.290667700000146
0.034333100000003,0.52465050000023,0.0007926,0.197173500000049,0.036442700000002,0.206607600000067
0.002308,0.383648700000226,0.062066400000008,0.319862400000152,0.058376700000005,0.173737800000029
0.029045900000001,0.351659100000192,0.036320799999999,0.114265299999992,0.229100600000079,0.239608300000096
0.018953,0.247746600000097,8.68000000000012E-05,0.069860200000005,0.067975900000007,0.595377499999938
0.0202878,0.435276400000276,0.054498300000006,0.111259499999994,0.047220100000006,0.331457900000186
0.0001059,0.370156600000212,0.002697,0.184893600000042,0.140274599999999,0.30187230000016
0.042288200000003,0.43760180000028,0.0124881,0.094233799999997,0.0001308,0.413257300000265
0.131332299999986,0.336366600000169,0.038520100000001,0.203154700000046,0.093055500000002,0.197570800000053
0.070887100000003,0.284723500000134,0.089542800000001,0.137031099999997,0.227588100000077,0.190227400000058
0.056517600000002,0.392142800000228,0.073271200000008,0.174331300000036,0.114078799999988,0.189658300000041
0.011688099999999,0.314081000000163,0.019618999999999,0.119307399999991,0.164034000000023,0.371270500000227
0.0182187,0.466960200000316,0.000455,0.110090399999992,0.11292459999999,0.291351100000134
0.048809100000002,0.346897000000195,0.007944299999999,0.323152800000164,0.035438,0.23775880000009
0.030137600000001,0.438083700000275,0.124454799999991,0.138696899999999,0.095711999999996,0.172915000000028
0.0053319,0.302922200000154,0.0001027,0.192554200000036,0.014817199999999,0.48427180000033
0.12091070000002,0.271672300000123,0.024358699999999,0.258576500000106,0.115320199999987,0.209161600000063
0.075747500000001,0.344032100000183,0.091671600000004,0.134310999999988,0.224129600000077,0.13010819999999
0.0047038,0.313096100000166,0.023297199999999,0.201169400000054,0.159212800000016,0.298520700000154
0.0058159,0.512395300000305,0.0020629,0.169397200000021,0.1384638,0.171864900000026
0.065487600000006,0.265678000000119,0.059500800000005,0.167672400000025,0.128888099999988,0.312773100000156
0.0112565,0.338160700000186,0.015414399999999,0.16984340000003,0.102032099999994,0.36329290000021
0.0071791,0.258745300000103,0.0064139,0.25005200000011,0.0003826,0.477227100000327
0.0096766,0.074842100000004,0.017569399999999,0.191998800000051,0.501366400000342,0.204546700000052
0.0062243,0.407287100000249,0.063740100000008,0.109949999999991,0.032643400000001,0.380155100000222
0.0619683,0.320567300000175,0.006119,0.194930300000048,0.23489880000009,0.181516300000039
0.002169,0.369624100000211,0.020770099999999,0.179506100000038,0.070576200000008,0.357354500000208
0.031914600000001,0.171683900000025,0.0049607,0.092962700000002,0.367965800000216,0.330512300000178
0.021478399999999,0.509924800000306,0.0079954,0.169724100000022,0.039579700000001,0.251297600000106
0.0104181,0.16754570000002,0.0163657,0.115987199999992,0.236106500000094,0.453576800000303
7.4500000000001E-05,0.329870900000176,0.0032008,0.181724500000038,0.233616700000089,0.251512600000109
0.0248331,0.332892900000175,0.0078798,0.207972400000055,0.202303500000051,0.224118300000067
0.081697100000006,0.386573700000219,6.00000000000006E-05,0.221925600000069,0.021330999999999,0.288412600000142
0.071927500000006,0.360136600000206,0.0003998,0.210156600000056,0.13277609999999,0.224603400000077
0.0139133,0.257765700000101,0.0375727,0.256451800000104,0.0248568,0.40943970000025
0.0114011,0.466989600000311,8.32000000000012E-05,0.244363900000095,0.071309400000003,0.205852800000069
0.0006094,0.301906500000153,0.033111599999999,0.113099799999995,0.093137199999999,0.458135500000309
0.0442634,0.308747000000163,0.009379,0.209887800000055,0.068486400000007,0.3592364000002
0.036748700000001,0.273669600000118,7.29000000000009E-05,0.19740900000006,0.051133600000003,0.44096620000029
0.0430383,0.328197300000179,0.023982899999999,0.211382300000055,0.065809700000006,0.327589500000183
0.0071452,0.275289300000121,0.084897000000003,0.244049800000099,0.0890068,0.299611900000143
0.0215915,0.385309200000228,0.0067669,0.268395800000118,0.092953699999996,0.224982900000082
0.078564600000012,0.397966500000238,0.0004455,0.169734600000023,0.0358441,0.317444700000164
0.0145697,0.305805500000152,0.0022677,0.212388200000065,0.30123350000015,0.163735400000015
0.0106797,0.485941300000327,0.0010783,0.167787500000035,0.069529200000007,0.264984000000118
0.148552500000003,0.287470900000128,0.0027474,0.164401700000016,0.134728699999992,0.262098800000112
0.0126409,0.195038900000048,0.0131333,0.260296700000109,0.128077999999982,0.390812200000238
6.74000000000008E-05,0.296954000000135,0.0001301,0.349944700000193,0.030922799999999,0.321981000000162
0.0005739,0.327499100000167,0.0007774,0.190081100000053,0.186016500000036,0.295052000000142
0.030845100000001,0.316305100000174,0.0301639,0.126464399999993,0.166502500000026,0.329719000000178
6.67000000000008E-05,0.427959600000281,0.000289,0.094783299999996,0.099745299999994,0.377156100000217
0.0004757,0.22144400000008,0.014856999999999,0.237892900000084,0.258914100000114,0.266416300000118
0.0538199,0.32381590000017,0.0201435,0.246447300000085,0.094466199999996,0.261307200000111
7.94000000000011E-05,0.183032500000035,0.052998100000005,0.069630900000006,0.176796000000039,0.517463100000276
0.0107587,0.330573300000177,0.0112206,0.142974400000002,0.216601400000076,0.287871600000133
0.071969100000005,0.390823900000231,0.025849799999999,0.065420100000007,0.317857000000179,0.128080099999993
0.026209600000001,0.325175900000163,0.046786800000004,0.16122240000002,0.0141107,0.426494600000275
0.117869599999988,0.153403600000011,0.0085844,0.120821199999994,0.13007009999999,0.469251100000311
8.60000000000013E-05,0.345873100000195,0.029194599999999,0.112394499999989,0.076184800000004,0.436267000000291
0.038408800000002,0.144648400000005,0.0004532,0.086053000000005,0.369169700000215,0.361266900000203
0.006681,0.264786500000102,0.0001067,0.161847400000025,0.196238800000044,0.370339600000212
0.027148599999999,0.308979000000162,6.40000000000007E-05,0.147013300000011,0.194273500000054,0.322521600000182
0.074499900000007,0.544889900000163,0.0002416,0.0828135,0.099277399999995,0.198277700000054
0.013910199999999,0.344567700000191,8.36000000000012E-05,0.181836700000031,0.044165700000004,0.415436100000271
0.0149045,0.521645100000264,0.062463200000009,0.067954400000007,0.181151000000038,0.151881800000014
0.107169899999993,0.31578880000017,0.0182828,0.122854099999993,0.15896370000002,0.276940700000129
0.0001043,0.306725700000152,0.0001151,0.118612599999993,0.411636000000265,0.162806300000019
0.0049092,0.152892500000012,0.0171233,0.224778700000079,0.114526999999989,0.485769300000336
6.73000000000008E-05,0.316722700000167,0.027698199999999,0.154311400000012,0.134768399999989,0.366432000000217
0.00619,0.391270900000243,4.62000000000003E-05,0.373578200000211,0.114890199999994,0.114024499999996
0.008769199999999,0.528770100000257,0.0001223,0.259472700000108,0.101733599999997,0.101132099999993
0.0310338,0.326699900000152,0.052171000000005,0.154040100000016,0.12314709999999,0.312908100000166
0.102321800000004,0.222480800000065,0.0017605,0.257886500000089,0.188396500000049,0.227153900000077
0.028298299999999,0.254457000000097,0.0115804,0.186738900000031,0.31271730000016,0.206208100000054
0.016891899999999,0.478643000000317,0.0001045,0.259921900000115,0.089180999999998,0.155257700000015
4.86000000000003E-05,0.421815600000276,0.012642299999999,0.136630299999999,0.337358800000185,0.0915044
0.052963500000005,0.143202500000005,0.0002396,0.263505100000103,0.124673699999985,0.415415600000266
0.048923800000003,0.164987300000022,0.0009803,0.078335300000004,0.121876499999987,0.584896800000012
0.120918800000019,0.202849000000058,0.029669599999999,0.190211200000044,0.292756000000146,0.163595400000025
0.0070199,0.318039900000165,7.4300000000001E-05,0.159562900000017,0.193445500000041,0.321857500000168
0.094041700000013,0.404051200000244,0.014271499999999,0.261990700000114,0.133881299999994,0.091763599999999
0.0087864,0.231287400000078,5.87000000000006E-05,0.176629700000031,0.236257600000089,0.346980200000205
0.048223600000003,0.335487200000176,0.0011877,0.162968800000024,0.153943800000011,0.298188900000148
0.0161211,0.368349800000207,0.0002268,0.1409071,0.18330430000004,0.29109090000014
0.0523254,0.154988400000013,0.0217064,0.171269800000027,0.233770900000093,0.36593910000021
0.029593099999999,0.414133200000246,0.0120957,0.280573100000124,0.059234600000007,0.204370300000054
0.0151181,0.487888700000328,0.065966100000009,0.059928800000005,0.057103800000007,0.313994500000161
0.0002763,0.304539900000153,0.0005118,0.253509600000112,0.148748000000009,0.292414400000145
0.0042569,0.332250400000167,0.014911,0.095455699999998,0.171330300000032,0.38179570000023
0.0274566,0.361081600000201,0.052250500000005,0.222754900000064,0.076614700000005,0.259841700000111
0.0048793,0.491876100000335,0.0012377,0.233380200000081,0.080914300000003,0.187712400000035
0.0001212,0.289701500000134,0.0108994,0.164071700000022,0.229275000000081,0.30593120000015
0.0225931,0.355853000000196,0.039033400000001,0.273819800000107,0.06446790000001,0.244232800000108
0.0001242,0.372672900000222,0.0009884,0.184228000000044,0.176581600000035,0.265404900000118
0.031584500000002,0.23391390000009,0.053070500000005,0.156702900000014,0.301090600000146,0.223637600000074
0.058754300000006,0.306888200000153,0.021536499999999,0.358688000000181,0.091423200000002,0.162709800000026
0.089098899999993,0.253465800000101,0.0151156,0.192595600000051,0.067315500000011,0.382408600000223
0.040098200000004,0.428698100000267,0.0151209,0.116260099999989,0.259741900000112,0.140080800000005
0.0078262,0.146328100000017,0.122161999999988,0.132932399999989,0.318861200000176,0.271890100000122
0.0184528,0.18758340000005,0.012202599999999,0.228410500000077,0.195266300000054,0.358084400000197
0.0108598,0.28999890000012,0.013697899999999,0.227108700000079,0.130178699999986,0.328156000000172
0.047126300000004,0.492823000000332,0.019623299999999,0.144104000000005,0.020384699999999,0.275938700000132
0.071503100000005,0.517796400000289,7.7800000000001E-05,0.233521600000085,0.020136699999999,0.156964400000017
0.122989899999996,0.481315500000315,0.003003,0.172496100000018,0.0001967,0.219998800000085
0.070934200000002,0.161704300000019,0.068289600000009,0.205915500000051,0.175665100000026,0.317491300000162
0.047990200000002,0.110999299999999,6.61000000000008E-05,0.17427930000002,0.261367900000121,0.405297200000252
0.025732600000001,0.413194000000248,0.0114813,0.130782099999993,0.0350633,0.383746700000232
0.022620600000001,0.380449300000223,0.017797999999999,0.167932100000016,0.118513899999988,0.292686100000133
0.031353900000001,0.243865400000088,0.050445200000005,0.131462999999993,0.230020500000084,0.31285200000016
0.022990700000001,0.221270900000083,0.060396800000006,0.158162300000014,0.106867399999995,0.430311900000276
0.048877100000001,0.21463350000006,0.034313300000001,0.188726400000039,0.079290500000004,0.434159200000285
0.0001132,0.323169300000162,0.054180200000006,0.098747399999994,0.121078899999988,0.402711000000247
0.048254200000005,0.231640500000076,0.066849100000008,0.1057396,0.190409700000046,0.357106900000204
0.09599270000001,0.267210900000106,0.023545499999998,0.157439800000018,0.237394200000093,0.218416900000076
0.024546000000001,0.373469800000225,0.0016306,0.315102400000169,0.101333199999998,0.183918000000042
0.044511700000003,0.341427800000188,0.026179099999999,0.065688300000004,0.20926690000006,0.312926200000167
0.0203433,0.194416800000046,0.045938100000003,0.244849500000089,0.11827759999999,0.376174700000236
0.037996700000001,0.245016200000098,0.0227196,0.227070100000084,0.183896100000041,0.283301300000137
0.125431899999986,0.17461930000002,0.0006548,0.17357800000003,0.199359200000055,0.326356800000176
0.035389000000002,0.300046600000145,0.0180619,0.081632200000001,0.266952100000117,0.297918200000152
0.054542200000002,0.290900800000137,0.065920900000013,0.20493340000006,0.065242200000011,0.318460500000177
0.137479099999991,0.302274600000148,0.003658,0.215118800000064,0.104606199999995,0.236863300000087
0.050039900000003,0.369772200000201,0.064495900000009,0.077981899999998,0.158439800000014,0.279270300000121
0.01028,0.32595840000017,0.0021738,0.200855500000054,0.280513600000128,0.180218700000026
0.113115600000016,0.299105400000145,0.0021117,0.239330900000095,0.0100051,0.336331300000178
0.079308600000004,0.305368300000147,0.0384223,0.182621800000037,0.110348599999994,0.283930400000138
0.0221302,0.319362600000162,0.042225900000002,0.181548900000028,0.146504200000003,0.288228200000131
0.0230045,0.201684300000052,0.063733600000009,0.147747300000012,0.354024600000209,0.209805700000063
0.048250200000001,0.199477900000052,0.0149837,0.109206699999995,0.318434900000173,0.309646600000162
0.0051149,0.393718200000237,0.0034421,0.151765700000002,0.166281400000027,0.279677700000131
0.025484599999999,0.342959700000184,0.0002298,0.196651800000049,0.227962600000081,0.206711500000065
0.055189900000006,0.266923500000115,0.012231500000001,0.258628500000106,0.220858600000078,0.186168000000042
0.095867700000005,0.437204400000261,0.049325300000004,0.264383900000097,0.107551699999997,0.045667000000004
0.0005018,0.256420500000104,0.019976599999999,0.127218799999991,0.220350400000081,0.375531900000228
0.054963199999999,0.389085900000242,0.030196999999999,0.251522100000091,0.100020599999999,0.174211200000027
0.0001106,0.389690000000232,0.0186541,0.101407499999992,0.294470700000151,0.195667100000054
0.014993,0.244580600000083,0.079089000000004,0.137600099999994,0.116022799999988,0.407714500000267
0.016630099999999,0.242559200000099,0.049120600000004,0.096305299999997,0.276460100000135,0.31892470000017
0.028273900000001,0.146957100000004,0.024467399999999,0.213560400000076,0.318120600000174,0.26862060000013
0.048273000000005,0.341471100000183,0.047546600000004,0.193959600000043,0.0163359,0.352413800000195
0.030204199999999,0.316550100000169,0.012758,0.148210800000001,0.130729699999991,0.361547200000215
0.089881199999992,0.287408600000135,0.048567200000003,0.247176600000086,0.110663899999992,0.216302500000074
0.018891299999999,0.346175300000194,0.016650899999999,0.12903739999999,0.134039799999995,0.355205300000207
0.039907500000002,0.16547720000002,0.047796300000004,0.190302400000042,0.213166400000069,0.343350200000185
0.0081784,0.459920800000296,6.40000000000007E-05,0.121625399999988,0.053162400000005,0.357049000000206
7.16000000000009E-05,0.160064500000014,0.037584200000002,0.179663200000045,0.122585699999989,0.500030800000343
0.0012987,0.252749100000105,0.026827199999999,0.239559200000083,0.031541700000001,0.448024100000295
0.0053753,0.224104900000074,0.030620799999999,0.184681300000041,0.054155200000007,0.501062500000344
0.0233341,0.253238300000108,0.041223400000002,0.211096500000057,0.118770799999989,0.352336900000198
0.0015103,0.185602200000031,0.016485099999999,0.173241300000031,0.101622699999995,0.521538400000275
0.0134852,0.196160600000052,0.0037399,0.170393600000025,0.358127300000206,0.258093400000108
0.016065099999999,0.415001400000266,0.019945999999999,0.249595400000093,0.046957800000004,0.25243430000011
0.0157576,0.385354700000233,0.012415199999999,0.23603150000008,0.044306400000002,0.306134600000154
5.21000000000004E-05,0.394589500000241,0.0135382,0.291746100000144,0.063732800000008,0.236341300000083
0.0073022,0.443894100000277,0.0001164,0.183092700000037,0.0097374,0.355857200000207
0.021330699999999,0.320788700000169,0.020986699999999,0.181638800000041,0.349317700000198,0.105937399999998
0.0057017,0.329002000000171,0.0117568,0.166595500000021,0.108583599999999,0.378360400000221
0.102590700000001,0.296697900000148,0.0001497,0.20204750000005,0.163462600000019,0.235051600000087
0.038126900000003,0.379711900000208,0.041969200000002,0.191750700000047,0.102134099999994,0.246307200000101
0.047985500000003,0.214968800000063,7.28000000000009E-05,0.216744000000063,0.038278000000003,0.481950900000327
0.041829600000006,0.440186400000282,0.0076719,0.143065100000006,0.111565199999996,0.255681800000108
0.0156637,0.484970700000333,0.0001017,0.113025999999989,0.230201100000079,0.15603680000002
0.0125343,0.331124400000181,0.01823,0.222776200000064,0.072446900000006,0.342888200000191
0.041606800000002,0.303043600000145,0.0032748,0.186606500000027,0.050615200000004,0.414853100000268
5.69000000000005E-05,0.292949600000142,0.0020693,0.179353900000031,0.156486800000014,0.369083500000221
6.89000000000008E-05,0.345850000000201,7.37000000000009E-05,0.260388600000108,0.226986700000076,0.166632100000026
0.049206800000006,0.389547600000224,0.073125000000006,0.151478600000008,0.077498700000007,0.259143300000099
0.0086296,0.303090400000154,7.81000000000011E-05,0.174081600000037,0.29015060000015,0.223969700000083
0.0001175,0.382959900000222,0.029392999999999,0.031490400000001,0.0212036,0.5348356000002
0.0106801,0.42994610000026,0.0007751,0.269531000000115,0.102758199999994,0.186309500000042
0.058566200000004,0.173157200000023,0.070090100000007,0.139718300000008,0.208330200000056,0.350138000000202
0.052302000000002,0.413116200000256,0.0007183,0.193011100000037,0.139363400000002,0.201489000000045
0.0369588,0.217918300000076,0.062967200000007,0.371886000000198,0.0136568,0.296612900000137
7.30000000000009E-05,0.285986400000142,7.03000000000009E-05,0.164219700000029,0.214176200000066,0.335474400000178
0.010817,0.432100200000277,0.040321200000002,0.175627000000032,0.129711999999985,0.211422600000057
0.0287781,0.469620400000311,0.052382700000008,0.289693600000123,0.0065295,0.152995700000018
0.080347300000007,0.12166689999999,0.0031642,0.100200299999993,0.138408799999995,0.556212500000098
0.049624299999998,0.411628900000254,0.0114533,0.123598499999988,0.057407100000007,0.346287900000199
0.0294054,0.229164300000078,0.023403599999999,0.293439300000152,0.377328400000226,0.047259000000002
0.0421761,0.292757000000138,0.039138800000001,0.157634700000015,0.0117235,0.456569900000308
0.037205900000002,0.315511600000158,0.043669800000002,0.295969200000133,0.134543099999992,0.173100400000031
0.110435100000001,0.357406500000198,0.024924199999999,0.129702299999987,0.042544700000002,0.334987200000189
0.0121636,0.242554500000086,0.029012399999999,0.193468000000049,0.199312400000056,0.323489100000176
0.024153299999999,0.464134300000298,0.051755800000005,0.270807800000119,0.0183315,0.170817300000028
0.033232900000001,0.491438200000337,0.052265300000005,0.124487099999994,0.0021422,0.296434300000152
0.0063738,0.295600000000137,0.0078861,0.195182100000046,0.190337200000046,0.30462080000016
0.0201296,0.256426700000108,0.0045253,0.176671000000034,0.288881800000132,0.2533656000001
0.0119034,0.229261000000091,0.040110700000001,0.19787870000005,0.058326200000007,0.462520000000305
0.0016841,0.224508600000083,0.0357942,0.116551499999993,0.243949100000093,0.377512500000222
0.0214906,0.22373530000009,0.052822100000006,0.177742200000032,0.143546699999997,0.380663100000227
0.014693499999999,0.378539900000224,0.01438,0.162601300000018,0.145359900000004,0.284425400000128
0.002111,0.384266700000224,0.0023104,0.20012030000005,0.162997100000014,0.24819450000009
8.27000000000012E-05,0.420145600000248,0.035327300000001,0.15153650000001,0.111566499999992,0.28134140000013
0.025877599999999,0.377364300000222,0.0001362,0.129376699999995,0.210990100000066,0.256255100000111
0.038684900000001,0.391077400000228,0.022210199999999,0.303518200000147,0.075191900000005,0.169317400000035
0.0230777,0.389200000000229,0.0004024,0.203513100000055,0.232997100000091,0.150809700000007
0.047123100000003,0.281352000000127,0.00941,0.18331660000004,0.06537930000001,0.413419000000256
0.061047700000009,0.423891300000264,0.0173076,0.20674240000006,0.0153836,0.275627400000117
0.0275246,0.34344750000018,0.0051718,0.236899300000091,0.13026719999999,0.256689600000114
0.040932100000004,0.370296500000205,0.0253353,0.202211800000056,0.082568199999999,0.278656100000122
0.049859800000005,0.355641300000192,0.0032122,0.192583900000038,0.143138400000001,0.255564400000101
0.0100671,0.264742000000115,0.052173900000004,0.162244600000017,0.257582900000106,0.253189500000107
0.0134091,0.38511970000023,0.022266299999999,0.130511899999991,0.06813750000001,0.380555500000225
0.026107999999999,0.29540030000013,0.039161200000003,0.183824000000034,0.140979299999995,0.314527200000166
0.045380700000003,0.257138200000094,0.0166176,0.236258500000084,0.0915882,0.353016800000202
0.0093827,0.272620900000115,0.0077636,0.253016400000102,0.085271500000002,0.371944900000206
0.026207899999999,0.311594900000151,0.0194695,0.169381600000019,0.146275900000004,0.327070200000174
6.17000000000007E-05,0.479740900000311,0.023836999999999,0.220473600000076,0.075078900000006,0.200807900000065
0.0058177,0.259015000000109,0.029546999999999,0.282695700000137,0.040789900000002,0.38213470000023
0.026458999999999,0.35463650000019,0.017742199999999,0.216636500000066,0.0035879,0.380937900000227
0.038023600000001,0.352705200000197,0.036927500000001,0.108543299999993,0.185735300000037,0.27806510000013
0.032659600000001,0.261745000000108,0.022204699999999,0.279804700000127,0.1455875,0.257998500000119
0.0168712,0.402299100000238,0.0002938,0.167965900000021,0.011427,0.401143000000257
0.0501241,0.091633700000008,0.028267399999999,0.270830100000118,0.256200400000114,0.302944300000161
0.062700100000011,0.343561100000188,0.020463399999999,0.110461399999989,0.242923300000097,0.219890700000071
0.128296000000019,0.348221800000195,0.047837900000002,0.123241999999985,0.220856800000077,0.131545499999992
0.1129639,0.219800600000057,0.020929899999999,0.353429800000179,0.133849899999993,0.159025900000016
0.086107800000003,0.193789100000044,0.039852700000002,0.226370200000069,0.124719899999987,0.32916030000017
0.041657900000001,0.301671800000138,0.0014687,0.233046100000069,0.117357499999991,0.304798000000151
0.077499000000002,0.268910000000128,0.047078900000005,0.152515800000008,0.233660400000088,0.220335900000069
0.066319800000007,0.356461700000199,0.0010068,0.163849800000019,0.153660000000014,0.258701900000101
0.062180400000007,0.548539300000157,0.095479299999998,0.173080000000027,0.026080999999999,0.094640000000003
0.0058251,0.260935700000111,0.0147429,0.1417087,0.099258999999994,0.477528600000337
7.94000000000011E-05,0.21412230000007,0.0158175,0.222524700000076,0.154565100000013,0.392891000000237
0.0001007,0.321814800000168,0.0063896,0.199279500000052,0.176636800000029,0.29577860000014
0.091324400000005,0.129736099999995,0.064044800000013,0.146413600000006,0.088264299999998,0.480216800000325
0.031982300000002,0.145761200000003,0.042140100000002,0.164295500000022,0.073309100000004,0.542511800000165
0.0219185,0.39913240000024,0.0092144,0.116039399999997,0.06411460000001,0.389580700000234
0.0001218,0.277964400000126,0.0001042,0.073940000000001,0.305901100000157,0.341968500000193
0.092092899999992,0.413362000000258,0.035362299999999,0.16492280000002,0.0136346,0.280625400000122
0.0200363,0.527800800000249,0.0014576,0.117489599999988,0.18148680000004,0.151728900000013
0.060001900000004,0.378278500000212,0.057543400000004,0.20923230000006,0.0828839,0.212060000000065
0.013746799999999,0.239963200000095,9.76000000000015E-05,0.132105699999994,0.194440100000052,0.41964660000027
0.054303700000006,0.507531400000304,0.0113145,0.119837499999983,0.077620400000006,0.229392500000089
0.0033959,0.37408810000021,0.040621900000003,0.105576999999992,0.215365700000068,0.260951400000114
0.0179232,0.517560100000258,0.0114948,0.0880177,0.044982000000002,0.320022200000159
0.058827999999997,0.246047300000102,0.0030838,0.171231700000027,0.05953810000001,0.461271100000306
0.0145493,0.495649500000336,0.0002299,0.221077200000079,0.150052200000008,0.118441899999997
0.0284546,0.313982600000169,0.0026061,0.123674699999993,0.347466900000197,0.183815100000042
0.039967900000002,0.359583800000188,0.026790899999999,0.096191399999999,0.086427599999998,0.391038400000236
0.084592500000009,0.342330900000183,0.063632500000006,0.224125800000069,0.12672589999999,0.158592400000016
0.055484800000001,0.11612459999999,0.014644,0.303664200000149,0.231562100000087,0.278520300000123
0.0037685,0.382731500000216,0.048370300000004,0.242818300000092,0.020737899999999,0.301573500000152
0.086529100000008,0.126553499999989,0.033642700000001,0.162404100000031,0.213952700000062,0.37691790000022
0.046448400000005,0.257501400000112,0.00044,0.173594300000033,0.305886800000161,0.216129100000085
0.138644400000026,0.296291700000135,0.0125656,0.261439800000104,0.064886900000007,0.22617160000007
0.108246000000006,0.462057400000306,0.0004951,0.091140799999995,0.281077700000138,0.056983000000005
0.06170690000001,0.435913700000275,0.030148399999999,0.137403999999997,0.141518199999999,0.193308800000045
0.0033371,0.123848399999987,0.0258937,0.248609200000094,0.386773600000225,0.211538000000065
0.026568299999998,0.212864600000055,0.0167601,0.211621400000061,0.071467000000009,0.46071860000031
7.3500000000001E-05,0.328096100000186,0.015837099999999,0.147150600000009,0.296896000000148,0.211946700000073
0.0379457,0.319155700000163,0.0118384,0.142910199999995,0.202328900000057,0.285821100000132
0.026467799999999,0.229481900000085,0.0031563,0.179188500000035,0.11248159999999,0.44922390000029
0.0001483,0.375421200000208,0.0073824,0.232671100000083,0.043109300000003,0.341267700000183
0.0178001,0.096241199999998,0.090763500000004,0.240727600000097,0.232587000000087,0.321880600000179
0.063307199999999,0.529347200000242,0.065464200000012,0.112876099999989,0.034677000000001,0.194328300000054
0.055015900000004,0.316405200000162,0.0087753,0.179952900000033,0.178286600000035,0.261564100000116
0.041365500000001,0.209441400000063,0.0258502,0.285584000000133,0.099378999999997,0.338379900000198
0.072254299999999,0.503421200000325,0.028958799999998,0.148099700000007,0.070611200000005,0.176654800000037
0.0222785,0.219353300000077,0.045391000000004,0.091813000000001,0.374643400000222,0.246520800000101
0.021316099999999,0.273158800000116,0.0001076,0.197105600000037,0.119725599999987,0.388586300000232
0.072225800000004,0.210136800000046,0.058389200000006,0.216188400000058,0.151392000000006,0.291667800000143
0.071569300000004,0.518047200000274,0.0332217,0.190049400000036,0.048779600000003,0.138332799999994
0.110253800000012,0.673357999999584,0.011812300000001,0.164739600000022,0.011556,0.028280299999998
0.0387,0.26848010000013,0.0035529,0.178513000000033,0.300242500000155,0.210511500000064
9.29000000000014E-05,0.205127100000062,7.88000000000011E-05,0.24134380000009,0.091560900000003,0.461796500000302
0.032438800000002,0.380464600000222,0.0095719,0.185558700000044,0.119838699999986,0.27212730000012
0.043143400000002,0.202944700000055,0.072055400000009,0.160156300000021,0.033166300000001,0.488533900000337
0.080326300000003,0.461201200000303,0.0321611,0.204938900000055,0.042687800000002,0.178684700000039
0.066889400000004,0.399079000000243,0.046607200000002,0.219673000000064,0.061088400000009,0.206663000000065
0.117051200000015,0.292338700000121,0.009955700000002,0.289784300000141,0.027016499999999,0.26385360000011
0.0134201,0.301071100000154,0.009375299999999,0.202491300000051,0.160863500000018,0.312778700000156
