C,Hpep,Dec,D,L
0.0001147,0.976833599998302,0.0001199,0.009903099999999,0.013028699999999
0.0056376,0.9538861999984,0.0001838,0.035005700000002,0.0052867
0.0066408,0.993019599998253,0.0001387,9.92000000000015E-05,0.0001017
0.086310599999996,0.741877199999186,0.076688900000004,0.032746399999999,0.062376900000006
0.0001162,0.999372799998197,0.0001387,0.000122,0.0002503
0.035451800000001,0.892850099998608,0.0062877,0.057569900000007,0.0078405
9.10000000000014E-05,0.999541499998215,0.0001558,7.7400000000001E-05,0.0001343
0.013497699999999,0.57317150000004,0.133309799999995,0.177852100000044,0.1021689
0.0115775,0.662326499999645,0.089204299999999,0.174022500000034,0.062869200000006
0.0001052,0.851298499998836,0.06600740000001,0.008567099999999,0.074021800000006
0.0057417,0.72832359999936,0.051168500000004,0.14608560000001,0.068680600000009
0.0191455,0.797529899999069,0.052865500000009,0.076817100000004,0.053642000000009
0.0001003,0.999475699998206,0.0001236,0.000165,0.0001354
0.0001421,0.999507399998207,0.0001609,8.71000000000013E-05,0.0001025
0.0001368,0.999467999998215,9.92000000000016E-05,0.0001413,0.0001547
0.0280018,0.684668399999566,0.114040199999989,0.036477300000001,0.136812299999999
7.79000000000011E-05,0.999548699998202,0.0001246,9.24000000000014E-05,0.0001564
0.0001087,0.999564599998176,0.0001306,0.0001028,9.33000000000014E-05
0.059285200000005,0.273274200000139,0.095441800000003,0.23569620000009,0.336302600000173
0.0178022,0.901573999998613,0.016258699999999,0.044357300000005,0.0200078
0.062369200000003,0.858477799998846,0.0001007,0.040368600000005,0.038683700000003
0.056495700000009,0.615621999999877,0.026097299999999,0.148417600000007,0.153367400000015
0.018760199999999,0.838640399998889,0.040516200000004,0.060811900000008,0.041271300000006
7.30000000000009E-05,0.999516999998207,0.000144,0.000125,0.000141
0.0001128,0.999529199998207,7.03000000000009E-05,0.0001113,0.0001764
8.60000000000013E-05,0.999639899998179,8.76000000000013E-05,8.79000000000013E-05,9.86000000000016E-05
0.025510000000001,0.710187099999402,0.038401500000002,0.118122399999986,0.107778999999991
9.79000000000015E-05,0.999540399998184,0.0001332,9.29000000000014E-05,0.0001356
0.0001254,0.999558399998178,0.0001031,6.75000000000008E-05,0.0001456
0.051711000000001,0.481798100000348,0.086956500000003,0.288357300000134,0.091177100000001
0.068605300000002,0.713771499999375,0.105165799999994,0.026617999999999,0.085839399999999
0.016505599999999,0.707548099999464,0.165086400000027,0.038194100000004,0.07266580000001
0.019879300000001,0.961852199998322,0.010076,0.0066314,0.0015611
9.06000000000014E-05,0.784970499999128,9.32000000000014E-05,0.0002896,0.21455610000007
0.0040948,0.746331199999314,0.0086408,0.201876800000056,0.039056400000002
0.0001055,0.999623399998182,7.3800000000001E-05,8.58000000000012E-05,0.0001115
8.19000000000012E-05,0.999550199998201,0.0001334,0.0001317,0.0001028
9.35000000000014E-05,0.999514499998157,8.16000000000011E-05,0.0001048,0.0002056
0.035791100000003,0.631618499999796,0.058779700000009,0.129401999999987,0.144408700000005
0.0001169,0.999599199998182,5.96000000000006E-05,0.0001441,8.02000000000011E-05
0.089237400000001,0.299047400000167,0.116402499999998,0.286199700000133,0.20911300000007
0.073872900000001,0.634140799999755,0.117413099999991,0.11328179999999,0.061291400000009
8.94000000000013E-05,0.999578199998178,8.13000000000011E-05,0.0001114,0.0001397
0.0293919,0.439269500000294,0.147985000000012,0.25901060000011,0.124342999999993
8.03000000000011E-05,0.99939479999823,0.0001448,0.0002211,0.000159
0.132407299999991,0.363087900000231,0.078953300000006,0.242755000000097,0.182796500000033
0.01531,0.839520099998848,0.0131372,0.126676699999986,0.005356
0.056788800000003,0.064282700000008,0.221479000000071,0.367920400000215,0.289529100000115
9.28000000000014E-05,0.999549399998207,0.0001479,0.000138,7.19000000000009E-05
0.0040985,0.40017250000025,0.255004300000122,0.154867700000018,0.185857000000042
0.0262589,0.668001299999621,0.038980800000005,0.058504800000006,0.208254200000055
0.029952,0.425433800000278,0.1058645,0.157715000000022,0.281034700000133
0.0147204,0.975357099998304,0.0049339,0.0001961,0.0047925
0.0001241,0.847900899998832,0.037480100000002,0.093034,0.021460899999999
9.43000000000015E-05,0.999605099998171,7.12000000000009E-05,0.000114,0.0001154
0.138478199999993,0.39796750000029,0.120867999999993,0.210006600000066,0.132679699999992
0.015463899999999,0.911420499998578,0.0001048,0.024329399999999,0.048681400000007
0.0001152,0.999495199998159,0.0001339,0.00016,9.57000000000015E-05
0.0001215,0.999547699998205,8.42000000000012E-05,9.72000000000015E-05,0.0001494
0.031867900000001,0.525980800000252,0.134190999999994,0.095863799999998,0.212096500000063
0.065674199999999,0.517564600000145,0.058930900000006,0.241813900000097,0.116016399999988
0.028815999999999,0.223952800000081,0.293559100000141,0.15788880000001,0.29578330000014
0.0001238,0.9714358999983,9.36000000000014E-05,0.0002244,0.028122299999999
0.0017865,0.874506899998746,0.082058500000002,0.0047704,0.036877700000001
0.0116072,0.833971299998895,0.134707799999994,0.0085098,0.0112039
0.133150499999991,0.127542299999986,0.083693400000009,0.405453200000241,0.25016060000009
0.0227524,0.918626799998458,8.71000000000013E-05,0.028834799999999,0.029698899999999
0.075306700000003,0.074744000000003,0.243130800000095,0.366258600000225,0.240559900000091
0.0213103,0.881600699998713,0.0001329,0.084125600000002,0.012830499999999
0.0001403,0.99953389999819,0.0001425,0.0001072,7.6100000000001E-05
0.025037700000001,0.898581699998552,0.065135500000009,0.0096685,0.0015766
0.107204600000002,0.162959400000024,0.249324800000099,0.239076500000074,0.241434700000081
0.112657599999987,0.342939600000222,0.205231500000064,0.225664600000079,0.113506699999994
0.039640000000002,0.637313599999761,0.038040200000002,0.188635600000046,0.096370599999998
0.0001515,0.999415799998214,0.0001443,0.0001013,0.0001871
9.56000000000015E-05,0.999551499998181,7.7400000000001E-05,8.73000000000013E-05,0.0001882
0.0001403,0.999519199998203,0.0001155,0.0001113,0.0001137
5.48000000000005E-05,0.999618999998165,9.17000000000014E-05,0.000116,0.0001185
0.0001349,0.999558299998201,0.0001036,0.0001045,9.87000000000016E-05
6.39000000000007E-05,0.99953939999819,0.000168,0.0001107,0.000118
0.060931800000005,0.81985549999904,0.011887799999999,0.077176000000003,0.030148899999999
0.039488200000001,0.463590900000325,0.194692400000058,0.097208700000001,0.205019800000061
0.0001079,0.999539599998208,0.0001154,9.99000000000016E-05,0.0001372
9.24000000000014E-05,0.999607199998136,8.45000000000012E-05,9.74000000000015E-05,0.0001185
0.0210295,0.903724899998628,0.0001723,0.063336400000009,0.0117369
0.0033394,0.833149999998913,0.027965799999999,0.106076199999992,0.0294686
0.0001093,0.907744599998551,0.0001015,0.080076600000006,0.011967999999999
0.0259726,0.834949799998921,0.085649199999999,0.019550799999999,0.033877600000001
0.072044799999996,0.639248599999784,0.037098000000003,0.073382900000005,0.17822570000004
0.0001323,0.999415199998255,0.0001815,0.0001398,0.0001312
0.0254374,0.93978299999851,0.0001706,0.024983999999999,0.009624999999999
0.095183399999995,0.403575700000271,0.062573600000009,0.275519100000116,0.16314820000002
0.0158362,0.697867599999502,0.06577670000001,0.151582400000014,0.068937100000008
0.0001266,0.999480099998215,0.0001318,0.0001471,0.0001144
8.80000000000013E-05,0.999657999998123,5.09000000000004E-05,8.98000000000013E-05,0.0001133
0.086454900000002,0.305290200000179,0.179467300000044,0.307363300000166,0.121424299999994
0.068100900000009,0.450722300000305,0.132525599999992,0.085155000000002,0.263496200000112
0.0259174,0.917451599998559,3.82000000000001E-05,0.009339899999999,0.047252900000005
0.037748100000001,0.861559399998689,0.032540599999999,0.0256516,0.042500300000001
0.014587599999999,0.584156699999987,0.120426699999987,0.122529999999988,0.158299000000016
0.0296818,0.665243399999607,0.072226300000006,0.121521199999993,0.111327299999997
0.029505499999999,0.442834500000297,0.064143200000011,0.305856300000163,0.157660500000014
0.0065041,0.945735199998472,0.0001521,0.0179554,0.029653199999999
0.0136444,0.760781799999192,0.068205700000006,0.085379900000008,0.071988200000007
0.078071699999996,0.78923019999887,0.068786800000005,0.049171300000004,0.01474
0.0001511,0.961321299998367,0.0001362,8.62000000000013E-05,0.038305200000003
0.0215171,0.421652400000274,0.161485000000028,0.276944300000133,0.118401199999993
0.033406200000002,0.421952800000275,0.131649499999998,0.170979500000026,0.242012000000087
0.0001113,0.999547299998186,7.6800000000001E-05,0.0001485,0.0001161
0.028193600000001,0.759138499999167,0.104405099999995,0.066157500000004,0.042105300000002
0.162413700000009,0.091775300000028,0.171697500000026,0.267164100000105,0.306949400000139
0.0106678,0.407317600000263,0.182279700000043,0.16217180000001,0.237563100000084
0.0238198,0.871205799998748,9.50000000000015E-05,0.041968300000004,0.062911100000009
0.0001291,0.999463699998207,0.0001839,0.0001385,8.48000000000012E-05
0.0001144,0.999448799998227,0.0001642,0.0001712,0.0001014
9.78000000000015E-05,0.999483299998213,0.0001498,8.67000000000013E-05,0.0001824
0.013818299999999,0.618668699999869,0.178229700000034,0.105398699999994,0.083884600000002
0.066821500000003,0.135767300000005,0.21978700000008,0.338932900000188,0.238691300000081
0.00016,0.844978999998847,0.128634799999987,0.0062348,0.019991399999999
0.037079700000001,0.926288999998424,0.0001694,0.018155399999999,0.0183065
0.0065181,0.614923499999855,0.086362900000004,0.156950900000018,0.135244599999991
0.0001534,0.99950129999823,8.70000000000013E-05,8.91000000000013E-05,0.0001692
0.076194900000006,0.323852800000188,0.279061500000128,0.211524500000069,0.109366299999995
0.147886899999997,0.0026222,0.313064000000158,0.301292800000129,0.235134100000068
0.040177499999999,0.172822600000034,0.175935800000036,0.431666400000273,0.179397700000027
0.045446300000004,0.0001189,0.354213500000215,0.421297400000267,0.178923900000041
0.0001038,0.75759929999923,0.0061003,0.153124100000014,0.0830725
0.029899800000001,0.550489600000074,0.089135500000004,0.170969500000023,0.159505600000018
0.121679299999981,0.13259039999999,0.123648099999991,0.189838100000049,0.432244100000272
0.0111028,0.91407909999857,0.0356425,0.039006600000001,0.000169
0.020180199999999,0.3439729000002,0.146449000000011,0.328824000000187,0.160573900000017
0.0001009,0.999487999998217,0.0001094,0.0001265,0.0001752
0.139836099999999,0.052165100000012,0.33231180000018,0.260821000000108,0.214866000000063
0.0001538,0.923013999998552,0.05492450000001,0.016987299999999,0.0049204
0.028740199999999,0.340253200000197,0.116154999999995,0.275589800000116,0.239261800000085
0.0001044,0.999584799998187,6.55000000000007E-05,0.0001475,9.78000000000015E-05
0.0115534,0.894387299998648,0.060370500000005,0.0242684,0.0094204
0.108509299999993,0.309566900000166,0.175802200000034,0.196009400000061,0.210112200000062
0.035715500000002,0.436379400000296,0.115162599999993,0.323490200000176,0.0892523
0.0144603,0.352641000000208,0.157881300000025,0.295072600000139,0.179944800000031
0.0001641,0.9994779999982,0.0001445,0.0001155,9.79000000000015E-05
0.136755299999989,0.438781600000327,0.073441400000006,0.176359600000039,0.174662100000033
0.132216099999987,0.540908400000224,0.0001386,0.192271400000051,0.134465499999996
0.0642126,0.879219599998602,0.0033629,0.020976899999999,0.032228
9.12000000000014E-05,0.999518899998165,0.0001269,0.0001278,0.0001352
0.0001562,0.999475999998208,0.0001467,0.0001396,8.15000000000011E-05
0.05805660000001,0.535607300000205,0.076349700000005,0.206176600000058,0.12380979999999
0.047233400000002,0.789403699999107,0.034312600000002,0.082116200000007,0.046934100000006
0.047471700000004,0.747845199999181,0.057063600000006,0.047134800000003,0.100484699999995
0.011047099999999,0.75750559999921,0.011487999999999,0.077538700000007,0.142420600000002
0.0001009,0.999616699998158,0.0001141,6.26000000000007E-05,0.0001057
0.044130900000001,0.823214499998862,0.096641399999998,0.0091883,0.026824899999999
7.95000000000011E-05,0.966241299998338,0.018010399999999,0.009423099999999,0.0062457
0.0001373,0.999593299998173,8.46000000000012E-05,8.85000000000013E-05,9.63000000000011E-05
0.0001,0.999626299998151,9.21000000000015E-05,0.0001168,6.48000000000007E-05
0.0001145,0.999446199998201,0.0001446,0.0001607,0.000134
0.0001124,0.999510199998205,0.0001974,9.95000000000016E-05,8.05000000000011E-05
0.078740699999995,0.831819199998707,0.017216,0.0153722,0.056851900000006
0.126854399999982,0.159364400000032,0.206982200000067,0.38593380000022,0.1208652
0.0001747,0.976327699998276,6.43000000000007E-05,0.015994199999999,0.0074391
0.0050439,0.783378799999126,0.070999900000013,0.0924779,0.048099500000004
0.000124,0.999601599998177,0.0001168,8.0300000000001E-05,7.7300000000001E-05
0.0001362,0.999519999998185,0.0001247,9.11000000000014E-05,0.000128
0.066595099999998,0.613465199999773,0.089820999999997,0.167150500000027,0.062968200000009
0.081258199999994,0.392902100000248,0.118268299999993,0.273111500000122,0.134459899999998
0.0064308,0.611491299999858,0.28832940000014,0.0192324,0.074516100000006
0.0104017,0.767125699999164,0.052532500000004,0.123099099999987,0.046841000000003
0.028689200000001,0.885370399998628,0.0001261,0.025000699999999,0.060813600000009
0.09921039999999,0.403349900000286,0.155644400000009,0.168736100000019,0.173059200000031
0.058858100000005,0.4342253000003,0.0366359,0.387794700000243,0.082486
0.0021368,0.820679499998991,0.0001589,0.054956100000009,0.122068699999992
6.04000000000006E-05,0.999627399998169,8.77000000000013E-05,8.43000000000012E-05,0.0001402
0.0001012,0.999604199998175,7.99000000000011E-05,0.0001062,0.0001085
0.039031200000004,0.441995700000298,0.202322200000059,0.212383200000069,0.104267699999994
0.0001879,0.999488999998206,0.000127,0.0001218,7.4300000000001E-05
0.058657100000001,0.776785099999188,0.085561300000004,0.043918400000004,0.0350781
0.096352899999991,0.477466200000345,0.055578400000006,0.251623400000105,0.118979099999989
0.0234564,0.730300699999382,0.047275900000006,0.106457399999991,0.0925096
0.113819899999996,0.194386100000072,0.266373400000119,0.296376200000137,0.129044399999985
0.030502700000001,0.595895999999961,0.033425100000001,0.168540100000027,0.171636100000026
0.0001364,0.999542899998198,0.0001286,7.84000000000011E-05,0.0001137
6.49000000000008E-05,0.999508299998194,0.0001469,0.0001279,0.000152
0.000128,0.999589099998213,0.0001547,5.81000000000006E-05,7.01000000000009E-05
0.039779400000001,0.697535599999488,0.042322500000003,0.131398199999991,0.088964300000003
0.0001159,0.999651499998158,8.58000000000012E-05,9.69000000000015E-05,4.99000000000004E-05
8.03000000000011E-05,0.999534499998205,0.0001408,8.59000000000012E-05,0.0001585
0.0001131,0.999564599998168,6.72000000000008E-05,0.0001348,0.0001203
0.026480200000001,0.753791099999286,0.027516699999998,0.110970899999997,0.081241100000005
9.34000000000014E-05,0.999646799998168,5.42000000000005E-05,0.0001129,9.27000000000014E-05
8.46000000000012E-05,0.999568799998176,0.0001518,8.72000000000013E-05,0.0001076
0.0001251,0.999506499998186,0.0001493,7.94000000000011E-05,0.0001397
0.0638654,0.669635199999629,0.031424400000002,0.144006600000001,0.091068400000002
0.0016392,0.736630099999336,0.077373500000005,0.065071700000008,0.119285499999987
0.040349200000002,0.546008400000071,0.008787499999999,0.25398350000011,0.150871400000011
0.025460699999999,0.548154000000137,0.010794799999999,0.164938100000024,0.250652400000107
0.0001027,0.9995825999982,9.43000000000015E-05,7.7500000000001E-05,0.0001429
0.0001014,0.999525699998224,0.0001553,0.000144,7.3600000000001E-05
3.39E-05,0.999647199998172,9.48000000000015E-05,0.0001025,0.0001216
8.14000000000011E-05,0.999536699998199,0.000136,0.0001418,0.0001041
0.048899600000001,0.716208999999409,0.050504100000008,0.163640900000022,0.020746399999999
0.0002293,0.999404999998238,8.24000000000012E-05,0.000161,0.0001223
0.059642600000008,0.357885300000212,0.171948900000035,0.294464600000146,0.116058599999989
0.0218657,0.512052600000304,0.046233100000004,0.268870400000114,0.150978200000007
0.028969699999999,0.456598000000307,0.176324300000028,0.180497600000039,0.157610400000016
9.53000000000015E-05,0.9995883999982,0.0001082,0.0001187,8.94000000000013E-05
7.7600000000001E-05,0.999502299998225,7.5200000000001E-05,0.0001875,0.0001574
0.0187564,0.929800499998513,0.0001157,0.010669899999999,0.040657500000003
0.0001759,0.999525799998209,0.0001228,5.93000000000006E-05,0.0001162
7.24000000000009E-05,0.999593099998174,9.74000000000015E-05,0.0001085,0.0001286
0.024316599999999,0.361187200000218,0.120356899999995,0.358306800000203,0.135832499999998
0.032773700000003,0.818797599998997,0.040001000000007,0.083291600000008,0.025136099999999
0.0001375,0.999490299998189,0.0001368,0.0001174,0.000118
0.042980900000002,0.717626599999349,0.037154800000001,0.189759700000047,0.012478
0.078984700000002,0.540903900000186,0.127842599999985,0.108175699999998,0.144093100000003
0.0001682,0.999479399998203,6.86000000000008E-05,0.0001755,0.0001083
6.71000000000008E-05,0.999571599998201,8.15000000000011E-05,9.96000000000017E-05,0.0001802
0.0027308,0.879364899998731,0.022090799999999,0.024660899999999,0.071152600000009
0.0001155,0.99958269999817,0.0001405,9.68000000000015E-05,6.45000000000007E-05
0.088254199999995,0.30610990000019,0.075786000000007,0.26285780000012,0.266992100000113
0.0001358,0.999575499998178,7.4400000000001E-05,7.31000000000009E-05,0.0001412
0.0001379,0.999447099998212,0.0001217,0.0001482,0.0001451
0.0152904,0.929008999998502,0.018915799999999,0.028694899999999,0.008089899999999
7.01000000000009E-05,0.999515999998189,0.0001421,0.0001842,8.76000000000013E-05
0.000128,0.999375099998219,0.0001662,0.0001848,0.0001459
0.046318400000001,0.678949499999438,0.018984399999999,0.117639699999989,0.13810799999999
0.020795199999999,0.749278599999242,0.041269100000002,0.127199299999984,0.061457800000008
0.064598300000006,0.799342599999051,0.036587300000001,0.043941400000004,0.055530400000006
0.025546200000001,0.900928299998623,0.017971099999999,0.044216600000002,0.0113378
0.234350200000056,0.202454400000084,0.113323499999995,0.222618200000083,0.227253700000089
0.0675189,0.530706300000024,0.160494500000018,0.0928533,0.148427000000007
0.0038472,0.90148629999864,0.0161917,0.063046800000009,0.015428
0.0416915,0.57028039999995,0.197018900000051,0.084438000000007,0.106571199999996
0.0143648,0.52503900000025,0.112992799999997,0.294406600000151,0.053196800000008
0.00466,0.504618400000334,0.139335600000004,0.208309100000064,0.143076899999995
0.0301355,0.808994799999014,0.037735800000002,0.071099200000007,0.052034700000006
9.15000000000014E-05,0.999531799998192,0.000109,0.0001007,0.000167
0.058749200000001,0.336985300000195,0.078840600000007,0.267850800000121,0.25757410000011
0.013043399999999,0.426113000000278,0.10671139999999,0.183423400000049,0.27070880000012
0.0053217,0.838806999998894,0.0002106,0.147061600000004,0.008599099999999
0.0056953,0.82811199999893,0.051340300000005,0.040294400000001,0.074558000000004
0.0001357,0.999513299998192,0.0001558,8.88000000000013E-05,0.0001064
9.52000000000015E-05,0.999513299998183,0.0001221,0.0001307,0.0001387
0.0001351,0.999507999998177,5.94000000000006E-05,0.0001261,0.0001714
0.0001049,0.999502099998215,0.0001476,6.96000000000008E-05,0.0001758
0.034066600000004,0.619405799999839,0.029978699999999,0.215257900000066,0.101290999999997
0.0001545,0.999421899998224,0.0001463,0.0001503,0.000127
0.0047818,0.994862499998212,0.000131,0.0001178,0.0001069
0.033555600000003,0.556709200000002,0.140169900000001,0.122849299999984,0.146716000000007
0.122526299999988,0.512523700000332,0.060619800000009,0.106993599999996,0.197336600000044
0.067688900000002,0.117219799999995,0.20818850000007,0.393436900000244,0.213465900000068
0.057851800000004,0.336490100000193,0.076971500000007,0.191094200000043,0.337592400000182
0.0001719,0.999533199998207,0.0001157,9.90000000000016E-05,8.02000000000011E-05
0.006045,0.632642099999748,0.138185599999999,0.180476200000035,0.042651100000002
0.062115300000004,0.534382400000201,0.171686800000032,0.111496099999988,0.120319399999993
0.044402200000002,0.623469099999694,0.094810799999997,0.089796100000003,0.147521800000011
0.105513999999994,0.041855100000002,0.321674500000164,0.233553800000089,0.29740260000012
0.0001818,0.999391999998219,0.0001293,0.000115,0.0001819
7.01000000000009E-05,0.999518599998192,0.0001404,0.0001429,0.000128
0.0241756,0.749649899999318,0.07474680000001,0.033279800000001,0.118147899999988
0.0001005,0.999577899998201,0.0001079,7.6000000000001E-05,0.0001377
0.010261,0.969073599998329,0.0001268,0.0104565,0.0100821
0.070130200000002,0.468648500000341,0.065063500000011,0.238700700000099,0.157457100000013
0.0001306,0.999391099998225,0.0001387,0.0002005,0.0001391
0.0035596,0.66437199999965,0.066427400000008,0.16374660000002,0.101894399999995
0.0050617,0.83617799999897,0.0020905,0.089998500000003,0.066671300000011
0.0001119,0.999412799998215,0.0001903,0.0001597,0.0001253
0.0001388,0.999438299998205,0.0001081,0.0001653,0.0001495
0.058620100000005,0.536353200000072,0.108555999999997,0.208940100000065,0.0875306
0.041704700000004,0.646750899999713,0.093154000000002,0.091026800000002,0.12736359999999
0.046203000000003,0.696892199999484,0.026312499999999,0.175810300000032,0.054782000000006
0.0089684,0.387250800000238,0.15795730000002,0.289192200000134,0.156631300000021
9.77000000000015E-05,0.999605399998173,7.5500000000001E-05,0.0001085,0.0001129
0.040465900000001,0.042066400000005,0.284676700000141,0.445101200000285,0.187689800000038
0.076900699999997,0.226518900000098,0.020036799999999,0.49517420000033,0.181369400000041
0.0001002,0.981788599998278,0.000138,0.0001506,0.017822599999999
0.0220278,0.715334299999395,0.23471250000009,0.0051066,0.0228188
0.0008319,0.489742000000342,0.217283500000076,0.1023636,0.189779000000043
7.86000000000011E-05,0.99960289999818,0.0001256,0.000118,7.4900000000001E-05
0.0001263,0.999355499998247,0.0002352,0.0001164,0.0001666
0.078527900000003,0.503747800000351,0.193590700000046,0.148247900000005,0.075885700000006
0.021142,0.829910299998905,6.22000000000007E-05,0.109250999999992,0.039634500000002
0.0192128,0.7664628999992,0.135788499999993,0.0072412,0.071294600000008
0.028987800000001,0.828218499998843,0.091248999999998,0.051420300000005,0.0001244
0.0001079,0.826137099998918,0.051138000000006,0.039886800000003,0.082730200000005
0.0001019,0.999530199998192,0.0001132,0.0001548,9.99000000000016E-05
0.0001292,0.999549199998167,0.0001337,9.09000000000014E-05,9.70000000000016E-05
0.0001486,0.999582399998187,4.89000000000004E-05,0.0001125,0.0001076
0.0029584,0.748774499999326,0.037394900000005,0.13264399999999,0.078228200000005
0.0001307,0.999506799998182,0.0001168,0.0001171,0.0001286
0.0001174,0.999626899998178,5.27000000000004E-05,0.0001046,9.84000000000015E-05
0.0001169,0.999464299998178,0.0001228,0.0001327,0.0001633
0.0220683,0.946891799998438,0.000142,0.024369999999998,0.0065279
0.0001242,0.999529599998154,8.29000000000012E-05,0.000138,0.0001253
0.0196969,0.691185099999505,0.025230299999999,0.189669300000043,0.074218400000004
0.0200128,0.770303799999204,0.0059062,0.056187500000009,0.147589700000007
0.058044000000001,0.547837100000053,0.078638000000004,0.212178000000062,0.103302899999993
0.077444399999998,0.244508000000102,0.179554300000035,0.169625500000042,0.328867800000158
0.038729900000005,0.870416199998785,0.0001281,0.053080100000009,0.037645700000003
0.032074300000002,0.394165700000251,0.253785100000106,0.148449300000011,0.171525600000015
0.097006999999996,0.0003474,0.393788400000247,0.20211720000005,0.306740000000145
0.0071518,0.576990400000007,0.023908799999998,0.30787840000016,0.084070600000001
0.042548600000003,0.548276800000106,0.152785900000005,0.167271500000023,0.089117199999997
0.021688599999999,0.229154500000087,0.39872010000024,0.203104400000061,0.147332400000003
0.105642499999999,0.021546499999994,0.223487300000078,0.331187000000166,0.318136700000149
0.001261,0.613651299999882,0.069110500000008,0.160817200000021,0.155160000000016
0.0001087,0.999489899998217,0.0001395,0.0001397,0.0001222
0.017043700000001,0.956092299998358,5.88000000000006E-05,0.0217356,0.0050696
7.6400000000001E-05,0.707719299999446,0.230550800000088,0.0113123,0.050341200000007
0.014927,0.918302999998512,0.0001263,0.030363299999999,0.036280400000001
0.102640700000001,0.142278700000005,0.199587800000056,0.303344500000149,0.2521483000001
0.0247075,0.783070399999119,0.0001395,0.124280899999992,0.067801700000008
0.0285208,0.700378699999532,0.195718300000055,0.033070599999999,0.042311600000003
0.0082971,0.804993899999051,0.080560300000007,0.070394000000007,0.035754700000003
0.037366900000002,0.594787299999939,0.041524100000003,0.193995000000044,0.13232669999999
0.0001048,0.999553699998194,0.0001105,0.0001255,0.0001055
0.050562300000003,0.87740249999874,0.0001254,0.042575700000003,0.029334099999999
0.0155641,0.866132799998797,0.0114903,0.037295400000001,0.069517400000006
0.0239161,0.862483799998736,8.78000000000013E-05,0.068205600000009,0.045306700000003
0.0001147,0.999459099998226,0.0001389,0.0001826,0.0001047
0.0013184,0.451349700000303,0.105157799999996,0.338753900000188,0.103420199999993
0.0001271,0.999513899998182,0.0001258,0.0001186,0.0001146
0.0001014,0.999457799998211,0.0001919,0.0001019,0.000147
0.0145842,0.698725899999485,0.115820299999991,0.07719370000001,0.093675899999998
0.0001008,0.999641799998156,7.27000000000009E-05,6.59000000000008E-05,0.0001188
0.0001363,0.99950909999821,0.0001409,0.0001085,0.0001052
0.0001154,0.99958019999818,0.0001123,7.19000000000009E-05,0.0001202
0.0001236,0.999550999998193,8.96000000000013E-05,0.0001433,9.25000000000014E-05
0.0001341,0.99938539999824,0.0001563,0.0001624,0.0001618
0.0001388,0.999433899998276,0.0001659,0.0001396,0.0001218
0.010302199999999,0.688393899999542,0.095792399999998,0.032128600000002,0.173382900000029
0.0228978,0.767760999999187,0.048804800000005,0.134234499999992,0.026301899999999
0.042126100000001,0.45004740000032,0.067349200000007,0.264543000000115,0.175934300000036
7.6600000000001E-05,0.876486399998702,0.014722299999999,0.059356200000012,0.049358500000005
0.0001428,0.999500599998206,0.0001158,0.0001025,0.0001383
0.0001513,0.999559099998165,0.0001178,8.66000000000013E-05,8.52000000000012E-05
0.0157257,0.813768799999023,0.104785999999992,0.043873600000002,0.0218459
0.057937000000004,0.417811400000274,0.039857700000001,0.262934800000095,0.221459100000071
5.30000000000005E-05,0.999610399998167,0.0001263,8.60000000000013E-05,0.0001243
0.080712800000004,0.407279100000274,0.278789200000128,0.148471500000012,0.084747399999998
0.0046256,0.77076239999916,0.077455300000002,0.041893900000003,0.10526279999999
0.039924300000002,0.0341672,0.150633400000009,0.626585199999805,0.148689900000006
8.46000000000012E-05,0.973311899998292,0.000106,0.0001572,0.026340299999999
0.0315881,0.622255999999854,0.024658599999999,0.223453400000081,0.098043899999999
0.0024692,0.722698399999407,0.062881300000008,0.12573599999999,0.086215100000003
8.26000000000012E-05,0.999706899998144,7.28000000000009E-05,6.87000000000008E-05,6.90000000000009E-05
0.0001382,0.999487799998193,0.0001212,0.0001107,0.0001421
0.0001209,0.999579499998181,9.59000000000015E-05,0.0001239,7.98000000000011E-05
0.0001105,0.999525399998181,0.000106,0.0001053,0.0001528
0.000116,0.999478799998241,0.0001139,0.0001311,0.0001602
0.065177900000001,0.810126299998889,0.016340799999999,0.051053500000003,0.057301500000007
0.0153646,0.876995999998706,0.0001784,0.080996300000005,0.026464699999999
0.055411900000007,0.600664499999916,0.228433200000085,0.059744400000008,0.055746000000007
0.032904800000002,0.682714399999552,0.028733999999999,0.131343699999989,0.124303099999985
0.033795400000002,0.853995399998755,0.0144428,0.067048100000009,0.030718299999999
0.060107299999998,0.665057399999648,0.121876699999988,0.037510000000002,0.115448599999992
0.125122099999986,0.187388800000042,0.323492000000174,0.160813800000022,0.20318330000006
0.070622199999998,0.633563199999556,0.133829999999995,0.028845299999999,0.13313929999999
0.0001322,0.999546499998208,7.83000000000011E-05,0.0001232,0.0001198
0.0001029,0.999461399998183,0.000152,0.0001243,0.0001594
0.0001628,0.999507899998211,7.27000000000009E-05,0.0001384,0.0001182
0.056123000000001,0.426809100000303,0.111580499999997,0.16918030000003,0.236307100000085
0.09778019999999,0.685154299999313,0.070319200000008,0.061237300000004,0.085508999999998
0.0001141,0.999535899998181,0.0001427,0.0001387,6.86000000000008E-05
0.0001236,0.999550799998201,0.0001427,7.12000000000007E-05,0.0001117
0.048701600000006,0.786497099999085,0.049077700000004,0.035314700000001,0.0804089
0.010631799999999,0.918685599998588,0.0001689,0.064012800000013,0.0065009
0.086039699999993,0.688052099999291,0.145383300000005,0.053702700000005,0.0268222
0.032123000000003,0.35489750000021,0.081228300000006,0.326260800000174,0.205490400000067
0.057072099999998,0.475306300000343,0.062403300000008,0.234713300000082,0.170505000000021
0.0001152,0.999435699998206,0.0001774,0.0001519,0.0001198
8.47000000000012E-05,0.999546999998185,0.0001243,0.0001143,0.0001297
0.0448689,0.733107899999221,0.0336478,0.037703500000003,0.150671900000007
0.0001087,0.933879799998491,0.028291099999998,0.013223799999999,0.024496599999999
0.022051300000001,0.95211679999839,0.0001251,0.025534999999999,0.0001718
0.0692509,0.336588900000193,0.140624600000007,0.309535900000155,0.143999699999998
0.0001603,0.999346299998278,0.0001712,0.000202,0.0001202
0.0041744,0.981939799998279,0.0136525,9.31000000000014E-05,0.0001402
0.0383743,0.599929899999898,0.137617499999994,0.093907499999999,0.130170799999992
0.0184231,0.756777199999261,0.077415100000004,0.069811800000008,0.077572800000006
9.52000000000015E-05,0.99959129999816,0.0001505,9.25000000000014E-05,7.05000000000009E-05
0.0001647,0.999509299998207,9.91000000000016E-05,9.85000000000015E-05,0.0001284
0.123256999999992,0.080184500000041,0.063485100000008,0.520116800000254,0.212956600000062
8.91000000000013E-05,0.584263399999986,0.100851700000001,0.1401691,0.174626700000024
9.79000000000015E-05,0.99952779999817,0.0001198,0.0001537,0.0001008
0.0249469,0.740000999999289,0.054537800000007,0.040417700000003,0.140096599999999
6.48000000000007E-05,0.999577899998221,0.0001633,0.0001268,6.72000000000008E-05
9.88000000000016E-05,0.999622099998176,0.0001009,9.38000000000014E-05,8.44000000000012E-05
0.035168200000004,0.828038399998968,0.034853700000001,0.06224280000001,0.039696900000004
7.37000000000009E-05,0.999540999998208,7.83000000000011E-05,0.0001307,0.0001763
0.047149400000005,0.647660799999682,0.057971800000007,0.105005799999994,0.1422122
0.036852300000001,0.829032199998847,0.054351800000006,0.0244347,0.055329000000006
0.142720799999995,0.055042600000006,0.224827700000082,0.282254700000136,0.295154200000136
0.0001205,0.999549499998202,7.5000000000001E-05,0.0001591,9.59000000000015E-05
0.0001073,0.999608899998183,0.0001216,5.57000000000005E-05,0.0001065
0.051355800000005,0.303496600000165,0.093982600000002,0.255861000000109,0.295304000000133
0.0001044,0.999404999998215,0.0001784,0.0001786,0.0001336
0.0001534,0.999483999998215,0.0001187,0.0001214,0.0001225
0.0001267,0.999552999998192,0.0001111,6.49000000000008E-05,0.0001443
8.35000000000012E-05,0.999589199998158,8.08000000000011E-05,0.0001472,9.93000000000016E-05
0.0001116,0.999539199998182,0.0001007,0.0001429,0.0001056
0.066617899999999,0.736871499999143,0.025048799999999,0.142625400000005,0.0288364
0.067200400000009,0.585067999999988,0.049507900000004,0.079107900000002,0.219115800000083
0.0227818,0.437499900000293,0.071609200000008,0.320547600000161,0.147561500000003
0.047235700000008,0.52437540000025,0.11549049999999,0.218080200000076,0.094818199999996
9.42000000000015E-05,0.999571999998206,8.98000000000013E-05,0.0001665,7.7500000000001E-05
0.0002656,0.999240399998284,0.0002063,0.0001186,0.0001691
0.021125100000001,0.754176399999228,0.06978730000001,0.055752200000007,0.099158999999992
0.0182675,0.725984899999388,0.125051499999986,0.092281999999999,0.038414100000003
0.00011,0.999480599998216,0.000133,0.000176,0.0001004
9.94000000000016E-05,0.99950989999816,0.0001057,0.0001127,0.0001723
5.94000000000006E-05,0.999625399998188,0.0001453,0.0001046,6.53000000000008E-05
0.0105464,0.886744699998733,0.062931600000008,0.034574500000001,0.0052028
0.0001374,0.999529999998193,0.0001282,6.00000000000006E-05,0.0001444
8.14000000000011E-05,0.999482599998217,9.48000000000015E-05,0.0001506,0.0001906
0.0191508,0.805227499999004,0.070168300000007,0.047282800000005,0.058170600000006
0.008597399999999,0.763484099999214,9.04000000000014E-05,0.110968799999994,0.11685929999999
0.126669499999992,0.425350300000282,0.166578100000027,0.193649000000052,0.087753100000001
0.000142,0.999389999998245,0.0001324,0.0002013,0.0001343
0.0001405,0.999448499998211,8.88000000000013E-05,0.0001354,0.0001868
0.0001154,0.999461399998234,0.0001449,0.0001363,0.000142
0.087511699999995,0.552616400000162,0.134497899999995,0.192735200000045,0.032638799999999
0.0001262,0.999513099998196,9.64000000000015E-05,0.0001449,0.0001194
0.0001549,0.999476999998231,0.0001473,0.0001198,0.000101
0.0273831,0.905407299998622,9.90000000000016E-05,0.031369000000002,0.035741600000001
0.025633,0.812269899998926,0.0001291,0.161878200000018,8.98000000000012E-05
0.0017737,0.636060799999761,0.110973699999996,0.174598300000024,0.076593500000002
0.0001571,0.999580099998204,8.91000000000013E-05,9.61000000000015E-05,7.7600000000001E-05
0.054244000000002,0.829699099998802,0.070435000000008,0.0060636,0.039558300000003
0.034574600000001,0.831043699998799,9.38000000000014E-05,0.106052199999993,0.028235699999999
8.97000000000013E-05,0.999538299998196,6.76000000000008E-05,0.0001375,0.0001669
4.39000000000002E-05,0.999654699998183,0.0001054,0.0001135,8.25000000000012E-05
0.026692999999999,0.343569200000198,0.134405299999996,0.279953500000125,0.215379000000063
0.0094005,0.780162399999133,0.0088602,0.190460900000046,0.011116
0.0001543,0.977841199998366,0.0001609,0.0001572,0.021686399999999
0.0038047,0.827111699998921,8.68000000000013E-05,0.145727100000004,0.023269699999999
6.27000000000007E-05,0.999557799998214,0.0001354,0.000109,0.0001351
0.0001088,0.999579899998194,0.0001249,5.89000000000006E-05,0.0001275
0.015892099999999,0.563007300000095,0.260380200000114,0.096615800000002,0.064104600000007
0.078206299999996,0.621892699999831,0.074917000000006,0.082672300000002,0.142311700000003
0.000116,0.999491499998192,9.03000000000014E-05,0.0001648,0.0001374
0.039864800000001,0.831699399998779,0.052929000000005,0.0041676,0.071339200000004
0.0001039,0.88252309999872,0.048420500000007,0.013539099999999,0.055413400000007
8.13000000000011E-05,0.999599699998186,0.0001054,7.90000000000011E-05,0.0001346
0.0118357,0.318521100000176,0.141748900000006,0.361189300000205,0.166705000000025
0.011719,0.780767799999137,0.098366999999993,0.050981000000005,0.058165200000007
0.046776300000003,0.619289699999848,0.060285900000008,0.077589800000007,0.19605830000005
0.0001473,0.999509899998202,0.0001106,0.000113,0.0001192
0.095874200000002,0.023551099999996,0.265123100000117,0.371326000000214,0.244125600000093
0.0062654,0.826254299998925,0.100232699999996,0.035789800000003,0.031457800000002
7.94000000000011E-05,0.999514299998235,0.0001132,0.0001903,0.0001028
0.081634999999994,0.823759499998994,0.071516100000009,0.0037678,0.0193216
0.042753100000006,0.359452900000213,0.29653620000015,0.203978200000061,0.097279599999995
0.038168400000002,0.898113099998547,0.0001448,0.042721400000002,0.0208523
8.62000000000013E-05,0.999610299998163,7.2800000000001E-05,0.0001034,0.0001273
0.0001065,0.999397799998235,0.0001232,0.0001833,0.0001892
0.035173100000001,0.964504699998241,9.89000000000014E-05,8.52000000000008E-05,0.0001381
0.096136599999997,0.613566499999871,0.048654000000005,0.175172800000034,0.066470100000008
0.0001198,0.999552199998179,0.0001387,0.0001064,8.29000000000012E-05
0.0777697,0.666626899999661,0.051857900000005,0.135917999999996,0.067827500000005
0.0001218,0.999536399998203,0.0001187,8.44000000000012E-05,0.0001387
0.147029899999995,0.210339600000094,0.100545299999996,0.367496900000213,0.174588300000028
0.105712599999995,0.0840016,0.088166999999999,0.38562610000023,0.336492700000169
7.35000000000009E-05,0.999542499998199,0.0001024,0.0001594,0.0001222
0.0001082,0.999438899998207,0.0001322,0.0001526,0.0001681
0.036374200000002,0.619582699999737,0.149139200000007,0.113298199999988,0.081605699999999
0.0286214,0.0004924,0.236413900000091,0.484586400000312,0.249885900000084
0.025343500000001,0.851672399998801,0.0001672,0.0366216,0.086195300000004
0.046296500000001,0.659184399999526,0.035255800000001,0.207352700000065,0.051910600000005
0.0451842,0.931262599998364,0.0001123,0.004349,0.019091899999999
0.053294400000002,0.611599499999869,0.122208999999991,0.073827400000009,0.139069699999998
0.142540600000001,0.534328500000234,0.061773300000008,0.140797500000002,0.12056009999999
0.0001489,0.999334099998219,0.0002557,8.62000000000013E-05,0.0001751
0.0001134,0.999594499998197,9.07000000000014E-05,0.0001117,8.97000000000013E-05
0.04738,0.130687699999999,0.113459699999997,0.430228800000262,0.27824380000012
0.0043799,0.843423999998866,0.059866300000009,0.072847800000007,0.019482
9.43000000000015E-05,0.999472699998234,0.0001257,0.000182,0.0001253
0.0279057,0.719427399999413,0.045442300000005,0.064579700000008,0.142644899999998
0.0231268,0.644887999999682,0.081093600000003,0.122034299999992,0.128857299999985
0.065863799999998,0.629723799999813,0.084653800000003,0.130282499999991,0.089476100000001
0.030114199999999,0.496609300000355,0.149063200000008,0.180210200000026,0.144003100000001
0.106328399999996,0.261187300000115,0.376115300000235,0.146071999999996,0.110296999999994
0.010304,0.904007999998586,0.0001496,0.051444000000004,0.0340944
0.038804000000002,0.669673399999476,0.0125367,0.135901199999992,0.143084699999999
0.050646000000005,0.307076700000172,0.239251000000092,0.208655900000065,0.194370400000039
0.120102499999987,0.644385899999749,0.043360100000003,0.127449799999993,0.064701700000006
0.0002741,0.882069799998683,0.021395899999999,0.037183200000004,0.059077000000008
0.0154333,0.683134499999539,0.018020199999999,0.128032599999984,0.15537940000001
0.0065882,0.984228299998269,0.0001433,0.0069607,0.0020795
0.086019699999996,0.739633299999341,0.017252699999999,0.045484000000005,0.111610299999995
0.059563899999999,0.67286679999948,0.120018999999987,0.062551600000006,0.084998700000003
0.061633900000002,0.268406400000127,0.142418700000002,0.338400900000174,0.18914010000004
0.0001385,0.999502999998207,0.0001328,0.0001142,0.0001115
0.046358200000004,0.550426800000127,0.301676400000153,0.055185200000006,0.046353400000004
0.0115854,0.077862400000009,0.353907900000192,0.379366200000222,0.177278100000028
0.030774699999999,0.773521799999179,0.015136199999999,0.102903299999998,0.077664000000005
0.037871100000002,0.764372999999192,0.060495000000009,0.110208799999992,0.027052099999999
0.0106528,0.623372199999833,0.029182999999999,0.204254400000061,0.132537599999989
6.81000000000008E-05,0.999556099998175,0.000145,0.0001289,0.0001019
0.0001313,0.999531899998195,6.20000000000007E-05,0.0001306,0.0001442
0.0001152,0.999521199998204,0.0001519,5.83000000000006E-05,0.0001534
0.053115300000008,0.771529599999194,0.025965199999999,0.039733300000005,0.109656599999993
0.026771000000001,0.534212800000208,0.22485840000008,0.173924000000038,0.040233800000002
0.102336400000001,0.36256200000022,0.077458200000004,0.280976700000128,0.176666700000024
0.081410200000006,0.247272300000101,0.188421800000043,0.305175000000137,0.177720700000037
0.065762600000009,0.533391100000204,0.0136691,0.196319400000047,0.19085780000005
0.0001034,0.846764399998873,0.053117600000009,0.082087700000004,0.017926899999999
0.0133888,0.615198099999835,0.038640600000002,0.21309380000007,0.119678699999989
0.058371300000008,0.220874600000081,0.166422100000027,0.375147500000233,0.179184500000038
