C,D,PoP,L,PeP,Dec
0.047930300000002,0.300782600000151,0.034245299999999,0.119648099999991,0.050306500000006,0.447087200000291
0.043251700000003,0.257107200000105,0.033252899999999,0.168293500000031,0.221726200000081,0.276368500000127
0.0001492,0.32659040000018,0.062337100000007,0.21245900000006,0.077973700000005,0.320490600000168
0.038379900000003,0.180989900000037,0.100466499999995,0.186816700000036,0.080946600000005,0.412400400000261
0.014820499999999,0.296637700000147,0.0189787,0.106273399999995,0.196398500000057,0.366891200000217
8.13000000000011E-05,0.252637600000085,0.004289,0.253126100000094,0.160990200000023,0.32887580000017
0.042177600000002,0.258621700000101,5.52000000000005E-05,0.255441400000105,0.093647199999997,0.350056900000197
0.0251541,0.594966499999942,0.0012815,0.206069600000059,0.015582399999999,0.156945900000017
0.0258547,0.336042300000188,0.037001400000001,0.248947600000086,0.0325426,0.319611400000162
0.034365700000002,0.338704900000179,0.0005996,0.169966200000022,0.153107700000004,0.303255900000159
8.03000000000011E-05,0.281837900000131,0.042359000000001,0.344038800000196,0.105227699999994,0.226456300000088
0.040074300000003,0.278624000000116,0.077145100000003,0.108824099999993,9.39000000000014E-05,0.495238600000343
0.116975400000002,0.214783100000065,0.0008559,0.190908000000047,0.145697199999999,0.330780400000178
0.159974900000023,0.359935300000203,0.0025895,0.160616400000014,0.0181653,0.29871860000015
0.0242412,0.205651900000052,0.0005933,0.120234599999995,0.176463900000031,0.472815100000323
2.96999999999999E-05,0.28211240000013,0.057699300000006,0.091187899999999,0.273752300000131,0.295218400000141
0.0180192,0.267084300000126,0.069362400000013,0.1464059,0.273366300000126,0.225761900000087
0.020230399999999,0.251947000000096,0.0002292,0.143749900000002,0.17990320000004,0.403940300000256
0.076924700000005,0.375603000000206,0.037759200000001,0.114045599999995,0.176887700000032,0.218779800000061
0.0154424,0.387231300000232,0.046040100000006,0.263311600000094,0.030156099999999,0.257818500000108
0.049599000000003,0.321161700000162,0.0043379,0.281622400000136,9.97000000000016E-05,0.34317930000019
0.0006646,0.38143670000023,0.077275200000004,0.076932400000004,0.115158299999991,0.348532800000198
0.053968800000003,0.590236399999941,0.018762099999999,0.217041600000068,0.035763900000002,0.084227200000002
0.0062209,0.290192600000139,0.0076479,0.163166500000017,0.186690600000044,0.3460815000002
0.0004083,0.353022700000191,0.0343615,0.108476500000002,0.105564599999995,0.398166400000244
0.0024186,0.503022200000335,0.0001652,0.142463100000003,0.050574200000004,0.301356700000155
0.051337599999999,0.360077600000199,0.052341600000006,0.211880800000065,0.103939899999995,0.220422500000075
0.0070255,0.206636000000067,0.070420100000012,0.256835400000104,0.196133600000047,0.262949400000115
0.071764600000006,0.382993300000223,0.011115,0.296346800000136,0.042286100000001,0.195494200000047
0.060684800000008,0.209144500000073,0.172299000000028,0.162526100000026,0.192428800000046,0.20291680000006
0.039557300000004,0.312460700000168,9.29000000000014E-05,0.254195700000107,0.025514299999999,0.368179100000215
0.0449673,0.547741100000129,0.0364943,0.088813199999998,0.0860017,0.195982400000057
0.0081633,0.399745100000245,0.039508500000003,0.221320600000075,0.233542300000097,0.097720199999999
0.014569,0.360320900000206,6.12000000000007E-05,0.185635300000044,0.103051499999995,0.336362100000192
0.000106,0.296736100000156,6.04000000000006E-05,0.137131299999998,0.178534000000034,0.387432200000235
6.96000000000008E-05,0.152203400000015,0.0024422,0.171327800000024,0.341027700000189,0.332929300000183
0.040293700000003,0.201074500000063,3.71000000000001E-05,0.27626250000013,0.225359500000076,0.256972700000103
0.009614,0.380628300000217,0.0001648,0.228309000000076,0.119674699999987,0.261609200000111
0.027558300000001,0.208827900000056,0.042148700000002,0.153393400000005,0.132437599999988,0.435634100000282
0.0070228,0.145782000000003,0.0001836,0.096946599999999,0.38137230000023,0.368692700000217
0.0212913,0.262984400000122,0.048608100000006,0.148505900000006,0.091129900000002,0.427480400000272
0.0309186,0.417681100000262,0.040341700000001,0.186105600000039,0.160357700000024,0.164595300000025
0.0001651,0.255290500000094,0.0120923,0.138739499999996,0.394473700000249,0.199238900000059
0.109426900000003,0.339152500000188,0.052359000000006,0.217273300000066,0.136613199999994,0.145175100000005
0.042003100000004,0.444431600000294,0.0023387,0.138116499999999,0.271778800000122,0.101331300000001
0.042702300000002,0.241279700000085,0.124942299999988,0.233628100000073,0.073864400000006,0.28358320000013
0.092026900000013,0.321046300000165,0.0007334,0.147235300000009,0.074912700000005,0.364045400000215
0.018309699999999,0.351754200000205,0.019500099999999,0.129713899999988,0.283108300000139,0.19761380000005
0.101054599999989,0.287469800000139,0.002149,0.338267500000188,0.073306300000005,0.197752800000058
0.0001383,0.392666500000238,0.010543799999999,0.076362200000002,0.100441799999993,0.419847400000265
0.0001613,0.236648500000088,0.084550300000002,0.19536580000005,0.066996600000007,0.41627750000025
0.014181199999999,0.259017500000119,0.043475000000003,0.331681200000178,0.208771400000065,0.14287370000001
0.0312042,0.261116200000109,0.089114600000003,0.14677210000001,0.044597800000002,0.427195100000277
0.0077708,0.511934400000298,0.045147000000004,0.283069400000125,0.0158173,0.136261100000003
0.066084399999997,0.352166600000203,0.0013436,0.28218420000013,0.024748599999999,0.273472600000139
0.0025955,0.364701000000219,7.7500000000001E-05,0.158773100000016,0.143743400000003,0.330109500000183
0.070954600000006,0.381045200000228,0.0089803,0.248496900000095,0.020636299999999,0.269886700000124
0.043157500000001,0.289022200000144,8.75000000000013E-05,0.232915000000076,0.168443300000022,0.266374500000111
0.0103737,0.114861099999988,0.0001002,0.075448000000003,0.258950700000114,0.540266300000179
0.0506937,0.1385794,0.044227100000003,0.218871500000068,0.232960800000088,0.314667500000151
0.0005956,0.413495000000254,0.0003033,0.145934200000003,0.064461800000011,0.375210100000222
0.018892,0.160095100000017,0.021989299999999,0.244166600000078,0.259445000000111,0.295412000000148
0.0084895,0.282186500000132,0.039910900000002,0.175621500000026,0.217118800000068,0.276672800000128
0.010186299999999,0.365950800000202,0.021108699999999,0.197150800000047,0.134828399999997,0.270775000000124
0.022159699999999,0.263099300000101,0.0115914,0.202168900000047,0.281526100000135,0.219454600000075
0.0001098,0.314396400000152,0.0012125,0.166470000000024,0.169282400000028,0.348528900000193
0.032757800000002,0.219319700000071,0.043747000000003,0.283803800000126,0.184046900000036,0.236324800000087
0.0051328,0.272787900000112,0.0020369,0.327304700000182,0.0072842,0.385453500000235
0.089428299999995,0.378775100000224,0.0124082,0.117189999999994,0.202094400000054,0.200104000000055
0.0001195,0.526224000000248,0.022212599999999,0.17077800000004,0.096094799999998,0.184571100000038
0.0059465,0.372453400000216,0.0057243,0.229312000000073,0.154522800000012,0.232041000000087
0.0001533,0.483891600000326,0.0002243,0.156477300000016,0.071173400000005,0.288080100000135
0.011876599999999,0.507990700000316,0.0159453,0.141195900000004,0.101936399999994,0.221055100000063
0.041341300000001,0.379252700000214,0.0370625,0.251548200000082,0.022633399999999,0.268161900000116
0.0825023,0.268561100000122,0.0851837,0.188422100000034,0.052654700000007,0.322676100000171
0.028070699999999,0.426736000000273,0.027135099999999,0.161339500000023,0.066642000000008,0.29007670000015
0.0105514,0.386656500000225,0.0087346,0.151638700000003,0.0319674,0.410451400000267
0.085067600000013,0.412041800000244,0.055790300000006,0.152400800000012,0.072233000000005,0.222466500000078
0.032743700000005,0.249258300000105,0.0025031,0.139594799999995,0.032864,0.543036100000169
0.0215278,0.191999900000042,0.0081525,0.230470600000071,0.160266100000015,0.387583100000239
0.060323500000003,0.272308800000119,0.0360874,0.173356000000022,0.064058300000009,0.393866000000241
0.0404421,0.374013400000218,0.071810300000012,0.177770900000031,0.053279000000004,0.282684300000134
0.0693377,0.309927300000155,0.019356099999999,0.16192330000002,0.043177600000003,0.396278000000235
0.0143445,0.268004200000117,0.043425500000002,0.271398100000128,0.075332200000006,0.327495500000171
0.043240000000001,0.236419400000074,0.029051999999999,0.238027100000072,0.165711800000029,0.28754970000013
0.0007659,0.127140099999993,0.0126583,0.351776600000197,0.145249700000005,0.36240940000022
0.040484499999999,0.469234500000318,0.01002,0.165179400000015,0.032524400000002,0.282557200000133
0.056855500000008,0.334685100000174,0.0005369,0.18010320000004,0.06385230000001,0.363967000000214
0.0004607,0.248512100000109,0.0019761,0.268265400000114,0.060102800000008,0.420682900000272
0.0196479,0.312865600000157,0.076086500000003,0.124991799999986,0.067509800000008,0.398898400000247
0.029948000000001,0.314029500000161,0.0203545,0.247091100000097,0.043712600000002,0.344864300000201
0.105347299999996,0.469514200000317,0.0011723,0.148427900000006,0.126990599999985,0.148547700000004
0.0001675,0.418816100000263,0.030100599999999,0.176346300000037,0.069821600000007,0.304747900000139
0.012306799999999,0.428522500000278,0.047902600000005,0.196381100000039,0.157520100000015,0.157366900000018
0.140616900000025,0.369723600000215,0.051275200000003,0.183089300000024,0.067430400000009,0.187864600000055
0.030296199999999,0.238239100000098,0.00522,0.334531000000193,0.112139999999993,0.279573700000118
0.0233312,0.601486199999936,0.038218400000002,0.087593099999997,0.146634600000003,0.102736499999995
0.062660400000011,0.548998300000141,0.017226,0.113684099999994,0.084105800000003,0.173325400000039
0.0100498,0.391302400000224,0.056503100000007,0.184270500000037,0.067091000000006,0.290783200000136
0.028528399999999,0.199180500000048,8.05000000000011E-05,0.146379100000005,0.144760300000002,0.481071200000324
0.056095900000001,0.364543300000205,0.038432400000003,0.143755999999998,0.081732800000006,0.315439600000167
0.034085600000001,0.405676200000255,0.0184665,0.189372500000032,0.136302399999993,0.21609680000007
0.0060242,0.268160100000114,0.114704399999995,0.096475099999996,0.206249900000068,0.308386300000167
0.0012872,0.336616600000174,8.34000000000012E-05,0.121528799999989,0.123069699999991,0.417414300000249
0.036395000000001,0.305622600000164,0.017080299999999,0.161638600000017,0.048997300000004,0.430266200000275
0.0196753,0.354516900000213,0.0003817,0.255167800000096,0.0360118,0.334246500000175
0.019814799999999,0.20796840000006,0.022485099999999,0.146993000000006,0.260742200000117,0.341996500000188
0.077525400000005,0.270787000000119,0.031526,0.199319800000048,0.087751399999999,0.333090400000172
9.38000000000014E-05,0.517345500000259,5.16000000000004E-05,0.125818599999991,0.11630109999999,0.240389400000094
0.0007897,0.3472511000002,0.009029699999999,0.311712800000145,0.146417900000003,0.184798800000051
0.072738200000003,0.262242100000111,0.0001157,0.224633900000074,0.115335799999989,0.324934300000174
0.025459699999999,0.233038000000089,0.025206499999999,0.210650600000058,0.184836000000047,0.32080920000017
0.028721399999999,0.352328300000197,6.66000000000008E-05,0.097177199999997,0.270207200000123,0.251499300000096
0.051148800000004,0.36646560000021,0.023210299999999,0.396831800000224,0.092107399999999,0.070236100000006
0.036606700000002,0.2499417000001,0.000414,0.126168199999988,0.326262700000182,0.260606700000111
0.037288400000002,0.294603900000149,0.046769000000004,0.222729400000076,0.220039500000069,0.178569800000031
0.0195749,0.285724400000131,0.0020214,0.195048700000045,0.074697000000002,0.422933600000264
7.11000000000009E-05,0.421159900000264,0.018244099999999,0.223921300000077,0.17910940000004,0.157494200000008
0.016317299999999,0.319616300000156,0.027214499999999,0.151979900000001,0.265444500000121,0.219427500000078
0.067429100000001,0.25719610000011,0.068976900000008,0.171229900000027,0.256658900000112,0.178509100000033
0.0074789,0.249003000000103,7.1100000000001E-05,0.096879999999996,0.453201000000304,0.193366000000053
0.0115383,0.140453900000004,0.013183099999999,0.212204900000068,0.102839299999997,0.51978050000026
0.053804900000007,0.262422700000109,0.0169009,0.184180200000041,8.82000000000011E-05,0.48260310000033
0.066669700000008,0.310064500000149,0.021608099999998,0.195870800000039,0.133799299999994,0.27198760000013
0.031323200000001,0.314807000000141,0.0359196,0.216826400000062,0.197200400000055,0.203923400000066
0.0432948,0.492995400000317,0.0160251,0.170288100000032,0.061744400000008,0.215652200000061
0.0486512,0.277199400000127,0.0195018,0.151384000000003,0.084180499999998,0.41908310000026
0.085901200000012,0.34283050000018,0.0035336,0.11545919999999,0.107044799999994,0.345230700000206
0.0194257,0.33014500000017,0.052996800000005,0.176876000000026,0.161648000000011,0.25890850000011
0.0211097,0.270060500000115,0.031231899999999,0.087452999999997,0.038912600000001,0.551232300000116
0.0221427,0.31137560000016,0.028469099999999,0.31531480000016,0.092520500000002,0.230177300000074
0.011621599999999,0.301030700000149,0.054278500000006,0.148398300000002,0.093734599999998,0.390936300000239
0.068070900000007,0.30534080000015,0.0001308,0.127439999999987,0.205425200000062,0.293592300000142
0.0001305,0.243526300000102,0.0021387,0.257168500000104,0.029757199999999,0.467278800000307
0.0238795,0.258118100000115,0.003787,0.221876100000068,0.250562600000107,0.2417767000001
0.008648,0.218190300000073,0.030348399999999,0.237340100000081,0.070508600000007,0.434964600000288
0.037146700000005,0.330331900000177,0.0014805,0.116671799999992,0.180026800000034,0.334342300000176
0.013246699999999,0.434434300000278,0.134536099999987,0.242224600000099,0.086662299999999,0.088895999999999
0.11850920000002,0.180255200000035,0.0009503,0.223398700000069,0.396935100000237,0.079951500000005
0.028359200000001,0.224191100000064,0.0042891,0.140917899999998,0.108966299999993,0.493276400000345
0.064633300000004,0.234394300000089,0.043099200000004,0.187185000000028,0.051180200000005,0.419508000000258
0.035491100000001,0.424248600000271,0.0002054,0.154082000000009,0.276351200000126,0.109621699999988
0.038785700000002,0.241960200000097,0.021449999999999,0.098407199999994,0.234550400000088,0.364846500000219
9.18000000000014E-05,0.147404200000012,7.06000000000009E-05,0.159997900000024,0.144531499999998,0.54790400000015
0.003735,0.390048700000225,0.029839099999999,0.104389299999997,0.102364499999998,0.369623400000211
0.055025900000005,0.315813900000154,0.023737899999999,0.298094200000142,0.135097499999996,0.17223060000004
0.052684900000006,0.34262450000018,0.043258200000004,0.209681400000055,0.0345851,0.317165900000173
0.0356758,0.168995100000027,0.083213300000001,0.100925599999994,0.350947500000202,0.260242700000115
0.12485460000002,0.234478500000081,0.014138399999998,0.139269699999995,0.103072199999994,0.384186600000232
0.071149100000006,0.396997100000239,0.0066408,0.301711200000137,0.11452119999999,0.108980599999993
0.0165101,0.339266200000191,0.0075766,0.195765400000048,0.0162691,0.424612600000266
0.043633300000003,0.250827200000103,4.85000000000003E-05,0.223460900000063,0.192943400000048,0.289086700000144
0.046955300000003,0.338503200000188,0.0206561,0.324799200000163,0.061921900000008,0.207164300000067
9.58000000000015E-05,0.379707100000219,0.011153499999999,0.285834700000136,0.017914499999999,0.305294400000154
0.063182499999999,0.289841300000144,0.053541700000007,0.181772900000036,0.207187700000057,0.204473900000055
0.0156331,0.277565900000125,0.087520200000002,0.113366799999992,0.185322000000046,0.320592000000166
0.058202799999997,0.180004400000041,0.0146754,0.216239700000067,0.26303220000011,0.267845500000113
0.031064699999999,0.341963000000189,7.6000000000001E-05,0.136112400000001,0.183655100000039,0.307128800000154
0.0008772,0.247372200000091,0.0337483,0.184535600000042,0.227299300000075,0.306167400000159
0.0001149,0.164529800000031,8.76000000000013E-05,0.146878200000009,0.185131200000039,0.503258300000333
0.025851600000001,0.279846000000129,0.021663999999999,0.270689000000126,0.062064000000009,0.339885400000194
0.101794599999996,0.416458300000256,0.002116399999999,0.15716240000002,0.209653800000065,0.112814500000001
0.051432700000007,0.336734000000174,0.042870700000003,0.219345400000065,0.133247099999992,0.216370100000053
0.0107024,0.394613900000231,0.0179515,0.228686600000076,0.191558000000047,0.156487600000022
0.0277183,0.264592800000116,0.0071241,0.280175000000122,0.119472299999985,0.300917500000146
0.049867300000005,0.298667000000147,0.030190799999999,0.153840500000015,0.232259700000085,0.235174700000078
0.0090577,0.293126800000127,0.038292000000002,0.247861300000081,0.102856599999994,0.308805600000149
9.68000000000015E-05,0.576585299999997,7.99000000000011E-05,0.114079199999992,0.071870400000005,0.237288400000086
0.0622126,0.316271300000165,0.015002900000001,0.120688099999993,0.066068600000008,0.419756500000265
0.095896200000011,0.201433800000039,0.041806700000002,0.149030799999997,0.151395000000014,0.360437500000209
0.043831000000004,0.463828500000315,0.041306300000002,0.170768400000026,0.213625100000066,0.066640700000008
0.0137313,0.37575340000022,0.014873499999999,0.23230350000007,0.224628600000084,0.138709699999995
0.030727200000002,0.595038699999958,0.0282172,0.115002599999989,0.0116072,0.219407100000076
0.059722500000002,0.324202700000161,0.044051200000003,0.120747199999992,0.237967700000096,0.213308700000074
0.0180614,0.39633950000024,9.25000000000014E-05,0.223282000000072,0.094281599999996,0.267943000000109
0.112388200000008,0.279703400000125,0.006886299999998,0.193294700000035,0.19701760000005,0.210709800000068
0.10041610000001,0.201653900000063,0.13137350000003,0.180383500000037,0.0909281,0.295244900000143
0.054904000000007,0.280117600000126,0.0172374,0.288188200000123,0.045464100000004,0.314088700000162
0.0148456,0.337750500000187,0.0036233,0.205127200000052,0.271860100000125,0.166793300000025
9.97000000000016E-05,0.27516870000012,0.052624400000005,0.164981900000024,0.109911699999992,0.397213600000243
0.103024300000016,0.346679300000193,0.015612800000001,0.160538200000015,0.048621000000004,0.325524400000186
0.017262999999999,0.356003700000202,0.092499399999999,0.158822600000013,0.097661799999997,0.27774950000014
0.064625700000001,0.299324600000145,0.036719600000002,0.087888800000004,0.109097799999991,0.402343500000253
0.011355699999999,0.331811700000175,0.0158185,0.110262499999996,0.328885600000182,0.201866000000061
0.017413899999999,0.218688600000066,0.019833399999999,0.298279600000133,0.124537699999984,0.321246800000168
0.000137,0.381243100000225,4.94000000000004E-05,0.225334900000071,0.0265384,0.366697200000209
0.072951399999998,0.211525800000079,0.219040200000114,0.214554200000061,0.080058200000004,0.201870200000058
0.053462700000003,0.23544400000009,0.018042300000001,0.189870400000054,0.272995100000126,0.230185500000083
0.121530500000001,0.353032300000183,0.0057825,0.206390100000062,0.0008146,0.312450000000154
0.0175269,0.4557755000003,5.38000000000005E-05,0.128827799999988,0.122843899999989,0.274972100000128
0.0016593,0.409533500000241,0.001425,0.209148500000054,0.075778000000003,0.302455700000158
0.0318082,0.449094900000294,0.0079501,0.098893799999995,0.039638700000001,0.372614300000231
0.103469599999999,0.356501200000203,7.00000000000009E-05,0.124087799999987,0.050358400000004,0.365513000000207
0.041553800000002,0.33372450000018,7.7100000000001E-05,0.29222280000014,0.0357091,0.296712700000148
0.0164058,0.367191100000204,0.082316500000003,0.21324260000006,0.085014200000001,0.23582980000009
8.67000000000013E-05,0.522147000000264,0.0001155,0.078361400000004,0.163357600000017,0.235931800000095
0.0002628,0.338508000000186,0.058671200000007,0.238192600000089,0.199066200000055,0.165299200000027
0.067231200000007,0.172482900000032,0.022509799999999,0.209139400000059,0.161400900000025,0.367235800000218
0.042302400000002,0.207181300000061,0.054787200000006,0.165473100000032,0.048515700000004,0.481740300000322
0.038404000000001,0.290980500000145,0.0019122,0.262443400000106,0.140439500000001,0.265820400000127
0.076127200000009,0.416846100000261,0.045290300000003,0.152118700000012,0.012960599999999,0.296657100000139
0.0032043,0.346984500000199,0.016735999999999,0.144119699999998,0.146004200000007,0.342951300000197
0.0327599,0.377695400000209,0.042148000000001,0.160519300000011,0.248161700000102,0.1387157
0.0190701,0.329416800000164,0.064523500000009,0.193733200000046,0.085187400000001,0.308069000000153
6.61000000000008E-05,0.170560900000028,0.0069238,0.42902400000028,0.187555100000036,0.205870100000063
0.034893,0.335026600000176,0.0141118,0.236643600000078,0.098259699999996,0.281065300000129
0.026908699999999,0.318342000000164,0.0098255,0.189415000000038,0.274388000000124,0.181120800000036
0.0274987,0.179633600000032,0.064560100000008,0.181130500000035,0.188368400000047,0.358808700000203
0.0043853,0.315943100000186,0.092309199999996,0.163231400000022,0.018590999999999,0.405540000000248
0.044989600000003,0.49715560000035,0.0090406,0.17875890000003,0.132894799999988,0.137160500000006
0.0007922,0.194762200000046,4.70000000000003E-05,0.244850000000096,0.309445600000169,0.250103000000104
0.015407999999999,0.353084500000198,0.0012407,0.136224699999993,0.113824099999992,0.380218000000234
0.023798500000001,0.163462700000019,0.0004308,0.080843900000002,0.352452400000204,0.379011700000236
0.1184889,0.229280200000089,0.0076988,0.128473899999993,0.075639200000004,0.440419000000281
0.0181265,0.281901000000142,0.0117674,0.26113050000011,0.187583600000039,0.2394910000001
0.0178878,0.560440300000103,0.0087272,0.236181300000092,0.073142800000004,0.103620600000005
0.036567300000001,0.319401000000165,0.087162200000001,0.267701100000116,0.054237400000006,0.234931000000086
0.0109937,0.3535933000002,0.016204,0.148837500000008,0.053083400000007,0.417288100000261
0.0321102,0.41954030000026,0.024892399999999,0.151460600000008,0.044439400000003,0.327557100000189
0.0107889,0.255198500000101,0.0273891,0.314245400000157,0.160620600000012,0.231757500000079
0.0039479,0.256039000000104,0.022559799999999,0.133271499999996,0.105616299999996,0.47856550000032
0.0962784,0.42793370000027,0.0141232,0.269102500000108,0.039836000000001,0.152726200000017
0.101910200000005,0.448457400000292,0.0006979,0.256114700000098,0.025465599999999,0.167354200000026
0.0075214,0.396885700000231,0.0098898,0.191025300000032,0.138281799999997,0.25639600000011
0.0054791,0.493142700000338,0.029351499999999,0.188076800000041,0.139660700000001,0.144289200000008
0.0568931,0.418425800000259,0.0074906,0.083320399999997,0.052173000000004,0.381697100000229
0.0081268,0.274135400000111,0.0093433,0.219151100000066,0.075275300000003,0.413968100000253
9.07000000000011E-05,0.194721700000037,0.028169499999999,0.232221700000082,0.088250100000001,0.4565463000003
0.043645200000003,0.272861600000124,0.0324181,0.253011000000102,0.097511699999996,0.300552400000148
0.0209024,0.206266700000057,0.066148600000007,0.112242099999998,0.055441300000006,0.538998900000177
0.0239026,0.32783950000018,0.031632099999999,0.158926200000009,0.169101700000024,0.288597900000142
0.027546700000001,0.307590300000156,0.0159048,0.289647900000125,0.079565300000004,0.27974500000013
0.022524900000001,0.31814500000017,0.021974899999999,0.203431500000051,0.149295700000005,0.284628000000126
0.0251714,0.304176600000155,0.0332662,0.219964100000066,0.152644300000011,0.264777400000125
0.130954400000027,0.261904300000119,0.0262107,0.158772600000017,0.058995800000007,0.363162200000209
0.025628099999999,0.436051600000274,0.0211158,0.15234850000001,0.143659200000001,0.221196800000076
0.071792300000005,0.275333500000123,0.058776300000005,0.27311050000011,0.112342199999996,0.208645200000074
0.107205900000019,0.424625100000266,0.0012982,0.158659400000018,0.127636499999985,0.180574900000037
0.0078656,0.249528800000082,0.021610399999999,0.302162100000142,0.070300000000008,0.348533100000193
0.0054858,0.29857770000015,0.11985379999999,0.139298899999992,0.183873500000036,0.252910300000106
0.0106702,0.234825700000087,5.34000000000004E-05,0.301410900000145,0.043266200000002,0.40977360000025
0.0101508,0.323132300000164,0.022317199999999,0.266680300000121,0.121562699999988,0.256156700000099
0.0242214,0.245697400000091,0.0005103,0.151334700000005,0.198104300000054,0.380131900000227
0.033260100000003,0.364236000000223,0.0056451,0.097164199999993,0.220115700000075,0.279578900000131
0.032148099999999,0.340593000000195,5.24000000000004E-05,0.267089900000107,0.098256499999999,0.261860100000113
0.039734000000003,0.115774799999988,0.0002391,0.042175100000001,0.037140300000002,0.764936699999199
0.0157139,0.475655700000306,0.020969999999999,0.183368300000034,0.080158100000002,0.224134000000069
0.0340507,0.489761300000325,0.043066300000003,0.16691300000002,0.137366199999996,0.128842499999988
0.026808500000001,0.240108400000091,0.0061026,0.179654600000023,0.221535300000077,0.32579060000017
0.059487999999999,0.069666400000006,0.027455899999999,0.278247500000128,0.043061200000003,0.522081000000251
0.098812700000001,0.228596700000084,0.0073175,0.073884000000003,0.175286700000025,0.416102400000261
0.0030255,0.451546400000291,0.045275000000003,0.20774360000006,0.067590200000007,0.224819300000079
0.091660000000013,0.363984500000204,0.052134300000005,0.1439745,0.077547300000006,0.270699400000135
0.0199791,0.226742800000087,0.0361701,0.254884700000102,0.095194699999997,0.367028600000218
0.0164726,0.478041500000317,0.0081903,0.212447400000057,0.0108224,0.274025800000124
0.0222339,0.424908900000271,0.044692100000003,0.207435300000063,0.104330099999995,0.196399700000053
0.022926399999999,0.199483300000044,0.0157235,0.253030800000084,0.198941400000044,0.30989460000016
0.047689900000001,0.154545800000016,0.0011737,0.415572800000257,0.119624199999987,0.261393600000117
0.0133262,0.126266299999982,0.0001196,0.118007299999994,0.131064699999988,0.611215899999883
0.034200000000001,0.479911900000337,0.081892000000005,0.118376999999986,0.0889471,0.196672000000056
0.107902200000011,0.350953300000191,0.095583100000017,0.153974400000008,0.131159999999988,0.160427000000017
0.046665000000001,0.299609400000143,0.047818100000002,0.179762500000032,0.193145000000045,0.233000000000078
0.022849,0.318239200000159,0.0017672,0.097288299999994,0.081889900000005,0.477966400000317
0.033192900000001,0.357099600000195,0.0006085,0.327090200000174,0.020533999999999,0.26147480000012
0.050702100000007,0.413038100000246,0.0007157,0.170849900000026,0.018256699999999,0.346437500000194
0.0181814,0.523899100000251,0.0003546,0.079917400000002,0.126853899999987,0.25079360000011
7.08000000000009E-05,0.220731000000074,0.068231600000008,0.203254600000052,0.124616499999984,0.383095500000236
0.0058871,0.565951800000072,0.031218799999999,0.132672299999992,0.066533900000008,0.197736100000047
0.080228899999996,0.413463400000259,0.015041799999999,0.098521399999995,0.21583980000007,0.176904700000035
0.052482699999999,0.378635900000218,0.088263100000007,0.115258599999995,0.079126500000006,0.286233200000137
0.0027489,0.308696100000149,0.0003646,0.235159300000073,0.207928000000067,0.245103100000099
0.126630500000018,0.463049700000316,0.0205078,0.087885499999995,0.0063888,0.295537700000147
6.38000000000007E-05,0.326469000000178,0.0006817,0.212556700000071,0.144230400000002,0.315998400000167
0.051387900000005,0.268510800000122,0.054047300000007,0.153798600000004,0.319553000000167,0.152702400000016
0.028852999999999,0.273103700000113,8.95000000000013E-05,0.157720400000019,0.138640199999994,0.401593200000253
0.056849300000004,0.323881200000167,0.071672600000006,0.183557900000041,0.079694000000005,0.284345000000128
0.0033545,0.244804500000098,0.0071945,0.191203900000046,0.158871900000015,0.394570700000232
0.0243807,0.221883800000062,0.036301200000001,0.121435699999992,0.140718999999998,0.455279600000307
0.0103794,0.170933400000028,0.0113243,0.209609500000075,0.348697500000197,0.249055900000094
0.058885200000009,0.206312400000064,0.0027359,0.093684999999994,0.272889500000127,0.365492000000218
0.091483400000007,0.324056700000161,0.024455899999999,0.154245600000004,0.096907400000002,0.308851000000162
0.027314,0.275014100000113,0.016835099999999,0.308171800000147,0.093912800000001,0.278752200000126
0.031587100000002,0.356801700000201,0.0161588,0.103742299999997,0.17223560000003,0.319474500000175
0.035068300000002,0.299316600000149,0.0164032,0.224434600000074,0.096649799999998,0.32812750000018
0.092357600000017,0.39572740000025,0.078772900000011,0.109834799999998,0.129018599999988,0.194288700000045
0.064520000000001,0.217652000000079,0.068975000000007,0.21878320000007,0.139071600000001,0.290998200000142
0.021693499999999,0.343787100000181,0.0049139,0.317844100000167,0.053806000000006,0.2579554000001
0.0040702,0.367485800000208,0.0004041,0.23482450000008,0.114526999999993,0.278688400000118
0.0030877,0.564796100000072,0.021713,0.219781600000069,0.041947000000002,0.148674600000005
0.058445799999998,0.402967500000239,0.059924500000008,0.121434299999986,0.131514599999988,0.225713300000079
0.0001394,0.379950400000227,0.042923400000002,0.124478499999989,0.199243100000056,0.253265200000102
0.031344400000002,0.117454299999991,0.087135300000002,0.152612600000005,0.123593399999991,0.487860000000333
0.0130837,0.427516000000264,0.065143700000008,0.065285600000006,0.124557399999984,0.304413600000159
0.0083068,0.194819300000045,0.020873499999999,0.178392500000042,0.318578000000171,0.279029900000135
0.037048500000001,0.200366800000063,0.0032203,0.207277100000066,0.254133700000105,0.297953600000142
0.0523182,0.418158700000264,0.033493500000001,0.316992400000162,0.072081800000005,0.106955399999994
0.023236200000001,0.326980700000178,0.033409799999999,0.202928500000059,0.204729300000058,0.208715500000058
0.0151761,0.302038300000163,0.044165100000004,0.147851100000006,0.208325300000069,0.282444100000145
0.065596000000002,0.313228400000161,0.0005365,0.200048300000047,0.074897400000006,0.345693400000203
0.024287899999999,0.270704800000123,0.029974499999999,0.16362750000002,0.11207569999999,0.399329600000248
0.0213042,0.201427800000049,0.0017404,0.216222500000072,0.209338100000074,0.349967000000199
0.036415700000002,0.180713100000037,0.019485299999999,0.166176800000028,0.310547900000165,0.28666120000014
0.089946000000008,0.515429500000269,0.031008000000001,0.083158600000001,0.060447800000008,0.220010100000079
0.087196600000005,0.384163000000227,0.024620599999999,0.164257400000023,0.074515800000008,0.265246600000113
6.70000000000009E-05,0.280608700000126,0.007746,0.21168150000006,0.207199100000066,0.292697700000157
0.0070148,0.166539500000036,0.026778399999999,0.209375100000052,0.300219400000145,0.290072800000135
0.094123100000008,0.380660200000216,0.0172874,0.247731200000082,0.048859600000003,0.211338500000064
0.0113549,0.265678800000103,0.051140700000006,0.117628899999995,0.299194000000144,0.25500270000011
0.0001709,0.119717099999997,0.0155324,0.152540500000013,0.251074000000103,0.460965100000304
0.018054,0.296233500000147,0.032677699999999,0.356779500000201,0.134715299999993,0.161540000000022
0.030611399999999,0.445252800000283,0.0091422,0.170042100000022,0.151202400000008,0.193749100000056
0.0150774,0.42042780000026,0.042180900000002,0.142900700000001,0.068612800000007,0.31080040000016
0.0230609,0.425995400000272,0.051500800000005,0.083133000000003,0.1412256,0.275084300000137
0.0352328,0.289803400000146,0.072633000000006,0.16695860000002,0.149273700000011,0.286098500000142
0.057408999999997,0.350745600000195,0.013883,0.174664900000032,0.087482400000003,0.315815100000162
0.0093658,0.27205560000012,0.0002245,0.155551600000013,0.289298800000141,0.27350370000013
0.039534,0.21709380000007,0.051156500000005,0.159390300000012,0.208915200000062,0.323910200000172
0.0111206,0.316000200000162,0.0003932,0.177443600000021,0.17320850000003,0.321833900000179
0.047734400000006,0.425557700000269,0.0005556,0.207894200000071,0.105321899999989,0.212936200000071
0.053516599999999,0.394623300000236,0.113287299999996,0.230554300000078,0.137483599999998,0.070534900000004
0.027955499999999,0.394037000000246,0.0168614,0.188035800000042,0.115569899999989,0.257540400000109
0.022138399999999,0.257793600000105,0.075323000000004,0.12149789999999,0.219988800000076,0.303258300000147
0.000273,0.309143000000165,0.0013072,0.177013000000029,0.178597400000039,0.333666400000184
0.083790200000004,0.237955200000095,0.013303300000002,0.241187000000082,0.246284700000091,0.177479600000041
0.018344499999999,0.308452700000145,0.092215199999996,0.144049400000009,0.185729100000041,0.251209100000099
0.0059904,0.331007000000181,0.033388500000001,0.162927400000011,0.096643000000001,0.370043700000203
0.083593699999998,0.346310300000183,0.101993099999995,0.141845099999993,0.112086299999989,0.214171500000071
0.033686399999999,0.385598300000226,6.93000000000008E-05,0.278112700000133,0.085982000000004,0.216551300000076
0.0032694,0.292719200000149,0.0056434,0.240180700000088,0.06264060000001,0.395546700000239
0.025554399999999,0.222186400000068,7.7100000000001E-05,0.188798300000036,0.119841199999987,0.443542600000292
0.0091776,0.344205700000193,7.91000000000011E-05,0.177167700000022,0.272677100000128,0.196692800000054
6.41000000000007E-05,0.539656500000187,0.0009255,0.136261399999995,0.0039873,0.319105200000167
0.084689500000001,0.324477400000177,0.018080099999999,0.186108400000046,0.0917061,0.29493850000015
0.0257217,0.367349000000211,0.0049481,0.249148400000099,0.203676500000065,0.149156300000011
0.0038376,0.400948600000256,0.004747,0.094263399999996,0.0004118,0.495791600000346
0.0001187,0.144674000000008,0.0059078,0.274851000000123,0.057493700000007,0.516954800000262
0.0155587,0.285795100000125,0.058990200000007,0.205948500000056,0.26726350000012,0.16644400000002
0.099133800000011,0.297672200000145,0.012551799999998,0.146973200000006,0.093625699999997,0.350043300000206
0.0158805,0.241248700000086,0.0203311,0.189584400000035,0.099881099999995,0.433074200000266
0.034015900000001,0.414905700000261,0.105289999999994,0.194760200000051,0.0251373,0.225890900000084
0.078313000000003,0.304459800000155,0.019537399999999,0.28246220000012,0.095921199999996,0.219306400000066
0.034096900000002,0.201520800000056,0.026433199999999,0.241161200000099,0.20258660000006,0.294201300000149
0.0405664,0.341770200000174,0.000248,0.290517600000131,0.0157047,0.311193100000164
0.022536299999999,0.413334300000266,0.026500899999999,0.240679200000093,0.134719199999995,0.16223010000002
0.095025000000004,0.429530700000277,0.012852999999999,0.123917299999989,0.146700800000004,0.191973200000045
0.0001224,0.379496000000216,0.0365003,0.128960799999987,0.227864400000083,0.227056100000085
0.022526,0.405263300000239,0.0001357,0.158914400000014,0.134462399999991,0.278698200000126
0.076293100000005,0.308660200000155,0.0390473,0.289395400000126,0.099696599999996,0.186907400000052
0.0129159,0.359796200000197,9.89000000000016E-05,0.201599100000048,0.119058599999985,0.306531300000153
8.64000000000013E-05,0.189556500000039,0.049020500000004,0.135357299999999,0.084346700000002,0.541632600000151
0.0001697,0.371541600000202,0.025886699999999,0.252255000000106,0.105268999999993,0.244878000000099
0.031638900000001,0.158770400000015,0.0144215,0.207866600000055,0.194727000000051,0.392575600000242
0.010321099999999,0.379110100000228,9.51000000000015E-05,0.078417400000001,0.356160900000205,0.175895400000035
0.028687699999999,0.253817200000106,0.038260800000003,0.199248300000046,0.116823899999985,0.363162100000212
0.052196900000005,0.451774700000292,0.0163877,0.156718400000016,0.141120899999998,0.18180140000003
0.105303500000001,0.368141300000196,0.0008079,0.166386400000027,0.056756000000006,0.302604900000166
0.051953700000004,0.285836700000133,0.036995300000002,0.208197300000072,0.149666300000009,0.267350700000113
0.0007878,0.154706200000007,0.045713300000004,0.172510000000033,0.386521500000242,0.2397612000001
0.030458899999999,0.466802500000295,0.038146300000002,0.111053899999997,0.049405500000004,0.304132900000148
0.017546899999999,0.455449000000291,0.0059367,0.33229610000017,0.055600500000006,0.133170799999999
0.0385361,0.229743800000086,0.026359799999999,0.336087200000181,0.12016309999999,0.249110000000099
0.095716400000014,0.289518900000139,0.038402299999999,0.217848100000065,0.081512900000005,0.277001400000132
0.005881,0.24692740000009,0.117402399999991,0.104343199999993,0.016390899999999,0.5090551000003
0.081903900000006,0.279645900000127,0.033741000000001,0.211734900000058,0.025640799999999,0.367333500000215
0.0137312,0.23106080000008,9.29000000000014E-05,0.102362299999997,0.172291200000031,0.480461600000327
0.0001719,0.306884400000147,0.0350961,0.203980900000055,0.106866299999995,0.347000400000202
0.031589700000003,0.182472000000048,0.041380200000002,0.152070700000006,0.141324800000004,0.451162600000299
0.040635500000003,0.192084600000038,0.0060997,0.156945200000014,0.109382799999991,0.494852200000335
0.0148632,0.387553900000232,0.014633299999999,0.30523130000015,0.040634500000002,0.237083800000094
0.042253900000002,0.291086000000144,0.0145587,0.099703099999999,0.084457699999999,0.467940600000314
0.097621000000012,0.495222300000329,0.0008205,0.254418900000111,0.0165352,0.135382100000003
0.060234500000011,0.357056300000205,0.0151727,0.258003700000108,0.0065489,0.302983900000144
0.0365762,0.365951000000196,0.0092056,0.302688900000132,0.092629199999998,0.192949100000049
0.032626800000001,0.158998400000008,0.078557300000009,0.200296200000056,0.053069500000003,0.476451800000323
0.0042327,0.345232500000194,0.036542400000001,0.1323082,0.134296399999991,0.347387800000192
0.0096755,0.302432700000143,0.0030506,0.0915939,0.175594200000035,0.417653100000261
0.0048336,0.434111800000281,0.050529200000005,0.135218499999989,0.026673599999999,0.3486333000002
0.0103985,0.121807599999992,0.046967400000004,0.213417100000067,0.212950000000061,0.394459400000235
0.018540199999999,0.220494200000077,0.046168300000004,0.387408600000224,0.0098239,0.317564800000159
0.039881400000002,0.434628900000267,0.0024108,0.2469737000001,0.074766500000003,0.20133870000007
0.046694800000001,0.211915400000061,0.011386200000001,0.225700300000087,0.289182200000144,0.21512110000007
0.050044400000006,0.289664700000135,0.0065572,0.281708500000122,0.0891562,0.282869000000135
7.77000000000011E-05,0.31556010000016,0.0084513,0.246908400000091,0.081778800000001,0.347223700000201
0.0211472,0.461191000000302,0.0024069,0.26790070000011,0.013969,0.233385200000091
0.044130199999999,0.149975500000008,0.0005931,0.147051600000002,0.284266900000138,0.373982700000221
0.033659700000002,0.243913800000097,0.026688499999999,0.2393035000001,0.080901400000001,0.375533100000219
0.0024457,0.261191900000101,0.0050435,0.291363200000128,0.111814399999993,0.328141300000182
0.0451887,0.454121500000288,0.0090683,0.153420600000007,0.122574399999985,0.215626500000069
0.1072869,0.158148600000021,0.0205898,0.182106500000037,0.222962500000075,0.308905700000168
0.031572300000001,0.262139000000105,0.017828099999999,0.182736400000036,0.217906800000074,0.287817400000139
0.0177443,0.291552700000142,0.0020432,0.190212700000039,0.156504800000014,0.341942300000191
0.0084265,0.315482200000158,0.0149816,0.115954299999992,0.134955699999992,0.410199700000258
0.026395600000001,0.37645120000022,0.024289799999999,0.190128300000032,0.171159900000029,0.21157520000007
0.030273099999999,0.303903600000157,0.024734699999999,0.156172500000013,0.260266900000112,0.224649200000082
0.034108500000001,0.507351700000316,0.0398549,0.149165600000005,0.036156000000001,0.23336330000008
0.078244300000004,0.310899200000156,0.068878800000006,0.277120500000112,0.126915099999991,0.137942099999999
0.0001109,0.291829400000149,0.021142699999999,0.184318900000038,0.158381700000011,0.344216400000185
7.77000000000007E-05,0.456252200000304,0.026561599999999,0.082864400000004,0.062436300000009,0.371807800000215
