C,Hpop,Dec,D,L
0.070263700000008,0.011345599999999,0.373208700000227,0.254432500000105,0.290749500000142
0.086115200000007,0.0231582,0.220649100000072,0.446853100000299,0.223224400000071
0.051503800000004,0.0024921,0.155491800000005,0.434944100000277,0.355568200000193
0.092357499999999,0.077077300000005,0.089919200000008,0.457189000000286,0.283457000000133
0.192745100000037,0.114628599999992,0.124260499999988,0.291773400000127,0.276592400000122
0.070480100000003,0.074126400000005,0.209967800000061,0.245458900000101,0.399966800000241
0.065348300000006,0.044405900000003,0.114825699999997,0.389665100000226,0.385755000000227
0.067173400000005,0.056825400000003,0.187743700000038,0.430261500000269,0.257996000000107
0.12211439999999,0.0164692,0.203215900000055,0.499697000000337,0.158503500000016
0.188538500000044,0.027200999999999,0.287703200000148,0.284219600000121,0.212337700000058
0.172715600000029,0.085655300000001,0.197897100000051,0.329615600000163,0.214116400000069
0.046434100000004,0.12123729999999,0.145640400000013,0.40501480000026,0.281673400000128
0.050147700000005,0.082671500000004,0.194663100000049,0.41049750000025,0.262020200000107
0.0204246,0.050346600000003,0.357855500000187,0.29180700000013,0.279566300000117
0.142908000000005,0.029964399999999,0.126924699999986,0.349271400000183,0.350931500000192
0.110357499999996,0.078234600000003,0.147556100000014,0.48789500000032,0.175956800000026
0.085942800000004,0.015185399999999,0.177231000000027,0.415232100000246,0.306408700000143
0.0900111,0.024892899999999,0.300982700000146,0.413991700000261,0.170121600000019
0.110440699999991,0.123452299999991,0.191995800000043,0.302142800000147,0.271968400000122
0.07459600000001,0.020639799999999,0.141367100000002,0.613162499999853,0.150234600000007
0.176223600000036,0.080913600000004,0.203355100000051,0.304239400000147,0.235268300000075
0.065319100000005,0.099946999999997,0.28564760000014,0.325874100000167,0.22321220000006
0.177914400000024,0.047893500000002,0.170267600000026,0.264297700000092,0.339626800000165
0.074389000000008,0.091551400000002,0.388142900000226,0.290569500000148,0.155347200000011
0.138855599999999,0.068770600000007,0.23684920000009,0.387337900000236,0.168186700000023
0.130295299999993,0.114092099999994,0.269411300000127,0.233685600000086,0.252515700000093
0.038269600000001,0.020587799999999,0.113761899999991,0.444669900000284,0.382710800000229
0.0171376,0.0117997,0.323357700000169,0.426694300000264,0.221010700000067
0.039624200000001,0.052754700000005,0.112809699999999,0.524138100000238,0.270673300000112
0.062052900000006,0.031667000000001,0.382183000000225,0.303089000000141,0.221008100000073
0.064854600000008,0.054955700000005,0.237782500000095,0.306885700000165,0.335521500000176
0.075564100000005,0.127623899999989,0.293859000000143,0.345665600000196,0.157287400000004
0.078194000000003,0.13623649999999,0.286813500000132,0.309172300000159,0.189583700000039
0.143854899999999,0.013389299999999,0.227181000000074,0.24186890000009,0.373705900000201
0.093931399999999,9.51000000000015E-05,0.32524670000017,0.224178200000076,0.356548600000198
0.065445800000008,0.028604199999999,0.155525600000012,0.471595300000308,0.278829100000123
0.141392000000003,0.020699299999999,0.170993800000028,0.328477400000172,0.338437500000183
0.054997300000007,0.101110399999995,0.284997800000141,0.212142800000053,0.346751700000173
0.067680800000008,0.020972299999999,0.232660200000083,0.440179400000287,0.238507300000096
0.084362200000001,0.052600500000004,0.26444860000012,0.335692200000163,0.262896500000103
0.106596000000001,0.147317500000009,0.251661600000102,0.299898200000142,0.194526700000051
0.106835299999995,0.067204600000006,0.217089700000062,0.204742900000062,0.404127500000238
0.192254700000042,0.034940899999999,0.17461990000003,0.259008100000088,0.339176400000185
0.028684299999999,0.019291699999999,0.332882400000183,0.436414000000274,0.182727600000038
0.121608899999989,0.121361999999994,0.164507000000018,0.376184700000221,0.216337400000066
0.066272300000008,0.007946,0.207539500000064,0.401859600000246,0.316382600000156
0.069971600000008,0.046840700000005,0.303426600000153,0.344539400000178,0.235221700000083
0.111271799999999,0.0222885,0.240149600000099,0.407905200000251,0.218384900000057
0.050685100000004,0.106580299999992,0.218840800000074,0.317645400000165,0.306248400000137
0.031955300000001,0.091015099999998,0.200221400000058,0.453661200000285,0.223147000000064
0.112412599999998,0.0098114,0.138025399999994,0.335816500000177,0.403934100000248
0.101822899999994,0.063571600000011,0.26561370000011,0.300155900000139,0.268835900000101
0.0234332,0.020105099999999,0.299528400000156,0.351473300000193,0.305460000000161
0.111240100000002,0.041117200000004,0.232663000000078,0.320405100000158,0.294574600000137
0.0939925,0.073243400000006,0.260937300000107,0.313278600000161,0.258548200000101
0.060790000000008,0.055113400000006,0.351637800000192,0.289865900000127,0.242592900000096
0.086875599999999,0.021316799999999,0.268913100000116,0.415418100000244,0.207476400000074
0.056709900000006,0.123919499999986,0.239494500000093,0.348700900000194,0.231175200000071
0.069394700000007,0.130125299999988,0.292445800000153,0.31054730000015,0.197486900000048
0.052322500000005,0.167820200000027,0.284235800000136,0.274839800000125,0.220781700000073
0.087013000000003,0.0113493,0.324309900000173,0.260709000000121,0.316618800000159
0.063123000000007,0.0353753,0.366864000000218,0.257920800000108,0.276716900000127
0.0064673,0.0047182,0.365794100000208,0.431834200000264,0.191186200000041
0.070566100000012,0.081390900000004,0.153326900000009,0.421647100000263,0.27306900000012
0.084506100000001,0.131435799999992,0.186121800000042,0.320704400000176,0.277231900000129
0.111894999999992,0.0008571,0.211226600000065,0.299130200000155,0.376891100000207
0.077994500000001,0.117419099999988,0.210334100000071,0.305712000000132,0.288540300000135
0.134809399999992,0.081388700000002,0.288814800000137,0.319097100000157,0.175890000000023
0.024917999999999,0.0001694,0.412136600000272,0.387949400000234,0.174826600000022
0.05886920000001,0.0284046,0.279903600000128,0.240982500000094,0.391840100000221
0.065240300000007,0.086926500000002,0.358049500000205,0.191237600000052,0.298546100000127
0.192555100000051,0.0092576,0.201590400000057,0.354711200000181,0.241885700000082
0.080420200000003,0.019163,0.439479800000278,0.30326190000013,0.157675100000017
0.107928999999998,0.164802100000022,0.41649420000026,0.158527100000019,0.152247600000007
0.0049045,0.0177079,0.37980710000021,0.282961500000118,0.314619000000146
0.022881199999999,0.027192599999999,0.244462100000098,0.488430300000324,0.217033800000063
0.110075899999997,0.078807400000003,0.184265400000045,0.403063100000239,0.223788200000067
0.15770750000001,0.0233314,0.060494900000009,0.490066800000326,0.2683994000001
0.0852462,0.12017839999999,0.262536800000114,0.320472900000154,0.211565700000056
0.100842700000003,0.080420600000003,0.164529400000033,0.459507900000296,0.194699400000043
0.089733300000001,7.67000000000003E-05,0.304718200000164,0.321687700000162,0.283784100000123
0.130752699999995,0.138792699999996,0.189289100000043,0.267404900000119,0.273760600000112
0.070818300000009,0.034394300000002,0.302564800000158,0.368258500000217,0.223964100000076
0.024593999999999,0.070357500000007,0.39098460000024,0.205122200000053,0.30894170000016
0.048101300000004,0.024061299999999,0.287121400000142,0.319886200000152,0.320829800000169
0.0932342,0.023307199999999,0.097316600000002,0.373291000000207,0.412851000000256
0.070339300000007,0.070699100000009,0.293638600000137,0.364408200000212,0.200914800000054
0.062564000000008,0.048641700000004,0.253101500000091,0.362257100000204,0.273435700000115
0.205752900000062,0.032924800000002,0.26714000000013,0.344126200000185,0.150056100000008
0.075899400000008,0.049691000000006,0.252176000000108,0.336487400000175,0.285746200000125
0.079299500000005,0.046248300000004,0.284549900000116,0.291033000000139,0.298869300000139
0.098304399999998,0.070397800000006,0.347318900000198,0.220563800000064,0.263415100000116
0.062621700000005,0.062372400000007,0.100507499999998,0.368843800000217,0.405654600000238
0.198947000000059,0.118176399999993,0.087883999999998,0.214506600000059,0.380486000000218
0.016856799999999,0.0020623,0.356006500000198,0.407255100000245,0.217819300000067
0.0050189,0.097884299999996,0.154541600000023,0.600358899999928,0.1421963
0.037286800000002,0.068132200000007,0.241934100000099,0.479622200000326,0.173024700000028
0.228684800000088,0.031012399999999,0.222963600000073,0.281684900000131,0.235654300000085
0.023117399999999,0.152091300000015,0.267517300000116,0.22324530000006,0.334028700000171
0.053546900000005,0.092906799999995,0.356910800000202,0.330898800000171,0.165736700000017
0.132456799999991,0.093241500000004,0.175645600000028,0.365260500000209,0.23339560000009
0.057447000000004,0.058291700000007,0.147767200000006,0.53019480000021,0.20629930000005
0.048421500000004,0.026519899999999,0.309071700000156,0.275941700000108,0.340045200000181
0.0866863,0.089636000000005,0.289971900000146,0.170184700000029,0.363521100000201
0.114462199999991,0.026015299999999,0.311162800000157,0.276892200000126,0.271467500000106
0.154067600000017,0.134641299999994,0.094501800000002,0.386393200000231,0.230396100000073
0.051923800000005,0.06174970000001,0.237217300000087,0.344942500000196,0.304166700000148
0.104194399999996,0.081001700000005,0.265948100000115,0.319706700000159,0.229149100000081
0.011859599999999,0.008012,0.179923400000024,0.63428969999978,0.165915300000026
0.091801499999998,0.029020899999999,0.338566500000182,0.228853600000065,0.311757500000162
0.010607,0.0205316,0.367860800000209,0.384400000000217,0.216600600000069
0.0022835,0.0313311,0.289600400000137,0.383424000000215,0.293361000000142
0.102124500000001,0.0357179,0.290922300000151,0.375951700000209,0.195283600000036
0.023401799999999,0.013480999999999,0.358639900000207,0.392412400000238,0.212064900000065
0.070291000000007,0.041599000000002,0.191532500000047,0.449018300000283,0.247559200000097
0.065985100000007,0.076352900000007,0.258194600000115,0.353656700000191,0.245810700000089
0.126074199999987,0.0951987,0.236436500000086,0.310979000000149,0.231311600000078
0.064087500000009,0.060938000000008,0.285303900000136,0.362810800000213,0.226859800000072
0.078505600000005,0.057806400000008,0.266399400000118,0.333827800000187,0.263460800000115
0.045978100000004,0.0067684,0.465044000000311,0.299810700000132,0.182398800000037
0.093659899999998,0.0886126,0.152652200000018,0.455373100000302,0.209702200000057
0.045042500000003,0.082420099999999,0.160236600000022,0.395080600000241,0.317220200000146
0.103051299999996,0.037617900000001,0.282278000000144,0.342490700000179,0.234562100000084
0.0381706,0.074585500000005,0.358152200000205,0.242809200000081,0.286282500000134
0.064176600000009,0.127727599999991,0.18493100000004,0.40872230000024,0.214442500000049
0.061530700000008,0.0045444,0.506706400000317,0.241477800000085,0.185740700000035
0.066304400000006,0.136700900000001,0.245119500000091,0.341376900000178,0.210498300000056
0.061397200000008,0.063056900000008,0.228583900000088,0.452521800000287,0.194440200000038
0.174473900000022,0.122857499999991,0.233337800000084,0.241096900000084,0.22823390000008
0.038283000000001,0.0349123,0.276614900000123,0.263036300000109,0.387153500000231
0.170285100000021,0.0015028,0.492997100000325,0.172696300000023,0.162518700000018
0.059773300000006,0.06754620000001,0.2361632000001,0.409757300000239,0.226760000000077
0.059244700000008,0.017978599999999,0.246882300000109,0.363631300000206,0.312263100000167
0.025749799999999,8.11000000000011E-05,0.260999500000114,0.358304800000198,0.3548648000002
0.181170100000045,0.063553300000009,0.096756800000006,0.409906200000261,0.248613600000085
0.059750200000006,0.058761500000006,0.269965400000128,0.391193800000237,0.220329100000044
0.058512900000006,0.079493600000006,0.280124100000126,0.301884700000159,0.279984700000116
0.0356954,0.129865499999993,0.28713580000015,0.276273200000124,0.271030100000107
0.112768799999994,0.0251308,0.295650700000146,0.434643900000268,0.131805799999996
0.065163700000009,0.090331700000001,0.355688900000207,0.327818100000171,0.160997600000022
0.027626499999999,0.086579799999999,0.17626190000003,0.457864600000285,0.2516672000001
0.15442270000001,0.037803600000001,0.348270200000189,0.231886900000073,0.227616600000079
0.070830800000007,0.043863500000003,0.425164700000272,0.266767700000124,0.193373300000042
0.024022799999999,0.0166558,0.223995700000091,0.5596731000001,0.175652600000028
0.033520400000001,0.084058900000004,0.261095300000121,0.398116000000241,0.223209400000075
0.160831600000018,0.0102505,0.213235900000081,0.388613800000237,0.227068200000072
0.143339800000007,0.079682900000007,0.123761699999992,0.394155400000238,0.2590602000001
0.238193500000091,0.121918499999988,0.256411700000109,0.157452500000017,0.22602380000008
0.052869800000004,0.003248,0.28112130000013,0.339464400000196,0.323296500000165
0.145162000000008,0.120247199999995,0.225276500000081,0.37085680000021,0.138457499999993
0.059517200000006,0.063933200000011,0.143370200000005,0.538707300000181,0.194472100000044
0.069624300000009,7.03000000000009E-05,0.167505300000029,0.393734500000232,0.369065600000216
0.030792299999999,0.034269899999999,0.058823600000008,0.453743500000293,0.422370700000254
0.0374545,0.046400400000003,0.353025100000202,0.339506900000179,0.223613100000062
0.054344000000009,0.051883900000007,0.392482000000229,0.278350300000121,0.222939800000075
0.053332600000007,0.023423499999999,0.324267700000166,0.351661400000176,0.247314800000104
0.102308699999993,0.082868200000003,0.118328099999992,0.459418600000287,0.237076400000088
0.030965799999999,0.096744799999999,0.376792200000218,0.265000100000117,0.230497100000077
0.040541200000001,0.005015,0.118014799999996,0.384499100000226,0.451929900000291
0.055177500000004,0.165322300000025,0.290470600000131,0.243141400000106,0.245888200000111
0.075814300000007,0.194809000000048,0.201828000000062,0.353724500000198,0.173824200000038
0.091033500000004,0.040585000000001,0.284806800000131,0.352288000000188,0.23128670000009
0.178747800000033,0.05870340000001,0.412315100000262,0.231919600000074,0.118314099999991
0.112516099999992,0.0001099,0.231178700000097,0.498975600000338,0.157219700000013
0.071728300000008,0.056317300000004,0.372511600000226,0.262551300000106,0.236891500000092
0.067633600000009,0.028229999999999,0.247151500000106,0.443028100000277,0.213956800000064
0.076198300000005,0.025511999999999,0.235524200000089,0.387617100000231,0.275148400000121
0.0335242,0.0068321,0.355744100000206,0.420119200000262,0.183780400000037
0.057201200000005,0.089425700000002,0.303168800000161,0.197522300000056,0.352682000000184
0.020120799999999,0.031045999999999,0.283801900000126,0.346224000000178,0.318807300000155
0.088252000000003,0.033213300000001,0.285769000000142,0.325215300000159,0.267550400000103
0.111077399999992,0.072245300000008,0.182374800000034,0.333912300000166,0.300390200000136
0.062719200000006,0.138177199999992,0.245411900000103,0.338075600000173,0.215616100000066
0.079256600000007,0.028144599999999,0.22828600000009,0.351496700000202,0.31281610000016
0.053644400000006,0.0062516,0.257759100000108,0.328997800000174,0.353347100000191
0.0057779,0.088852000000004,0.504013500000334,0.289834400000138,0.111522199999992
0.144072600000003,0.025340199999999,0.229025200000091,0.343940000000182,0.257622000000106
0.061837100000006,0.042553600000003,0.396749400000234,0.185994400000039,0.31286550000016
0.088592600000007,0.0047667,0.256043300000107,0.440359600000262,0.210237800000056
0.009907199999999,0.0929513,0.476444100000324,0.254354800000104,0.166342600000031
0.115188599999994,0.101266199999999,0.142498100000002,0.403438600000243,0.237608500000078
0.118321399999988,0.162416000000021,0.231555600000084,0.172333500000032,0.315373500000152
0.059828500000007,0.16898370000003,0.17315940000003,0.399713900000219,0.198314500000047
0.066649000000007,0.040454500000002,0.244372600000105,0.336155500000198,0.312368400000156
0.033865300000003,0.106595399999993,0.268291600000118,0.312704000000164,0.278543700000117
0.027555199999999,0.0394973,0.233365100000083,0.347531200000204,0.352051200000204
0.130979399999989,0.056017700000006,0.185401100000052,0.412153200000256,0.215448600000063
0.0186217,0.054553200000006,0.159786000000016,0.476643400000299,0.290395700000136
0.131786899999997,0.026674099999999,0.259772800000102,0.266743900000118,0.315022300000163
0.031672,0.046943200000004,0.244623000000108,0.330645100000173,0.346116700000178
0.0362756,0.045686600000005,0.229237800000085,0.443869000000279,0.244931000000093
0.0316206,0.026977599999999,0.336654100000191,0.277464200000132,0.327283500000168
0.062092300000008,0.030140599999999,0.321000100000179,0.27722020000013,0.309546800000151
0.079036900000002,0.020072899999999,0.261543700000115,0.42486310000026,0.214483400000075
0.069598600000008,0.037765100000001,0.271994400000122,0.315789100000157,0.304852800000153
0.075752200000004,0.023774399999999,0.322693600000171,0.313359300000152,0.264420500000108
0.063301700000008,0.101544299999993,0.383300900000231,0.215030500000063,0.23682260000008
0.0966271,0.0370074,0.260776800000114,0.350788500000191,0.254800200000094
0.128347799999987,0.0019659,0.352609200000196,0.180857500000034,0.336219600000179
0.038747,0.063798100000011,0.123938099999996,0.406863700000245,0.366653100000204
0.0073734,0.034036800000002,0.435007100000277,0.305611900000134,0.217970800000081
0.052127800000004,0.019374,0.303770000000151,0.322523600000163,0.302204600000138
0.140499900000003,0.068463500000005,0.175964100000038,0.339695400000184,0.275377100000116
0.047445800000003,0.158530900000018,0.366344500000209,0.242075300000099,0.185603500000024
0.0238695,0.039466200000001,0.296598500000142,0.31068050000015,0.329385300000174
0.054419300000006,0.0176864,0.227479400000076,0.522646700000245,0.177768200000036
0.046450200000003,0.0016884,0.314156600000156,0.301312700000145,0.336392100000173
0.084535300000005,0.056961500000009,0.195896700000053,0.49989770000033,0.162708800000019
0.0914358,0.0152937,0.319685900000162,0.324502200000161,0.249082400000085
0.065205500000007,0.025524099999999,0.388688700000234,0.259728400000107,0.260853300000119
0.182297100000039,0.022245999999999,0.296861800000155,0.244398200000098,0.254196900000097
0.134586099999992,0.010683699999999,0.192965200000045,0.351767300000195,0.309997700000152
0.142213500000004,0.0020871,0.120873299999995,0.417224900000259,0.317601200000161
0.133392399999989,0.039658100000002,0.200469700000057,0.300920100000152,0.325559700000164
0.064229800000007,0.0186265,0.2463610000001,0.38734480000022,0.283437900000114
0.119182799999993,0.090967800000003,0.142229299999999,0.436741700000278,0.210878400000049
0.0914376,0.044569600000006,0.27541020000013,0.377433100000228,0.211149500000079
0.050993200000005,0.045415500000005,0.258226200000124,0.49064450000032,0.154720600000013
0.0361074,0.079986100000007,0.183522800000034,0.457525100000304,0.242858600000086
0.053702000000004,0.0001422,0.37527870000023,0.405172900000242,0.16570420000003
0.067908100000008,0.092315600000002,0.175395600000036,0.421897500000252,0.242483200000089
0.056696600000005,0.061732700000007,0.335513800000186,0.264462700000129,0.281594200000116
0.096430900000008,0.0114125,0.411109200000249,0.268465900000112,0.212581500000061
0.109186699999999,0.0193413,0.334264300000181,0.350824200000184,0.186383500000041
0.0065145,0.082068500000001,0.284394700000137,0.443417900000282,0.183604400000037
0.081435500000004,0.036473200000002,0.19216110000005,0.307630500000143,0.382299700000213
0.100235399999999,7.6000000000001E-05,0.223339100000065,0.333053300000181,0.343296200000181
0.057131200000005,0.019787599999999,0.298044200000151,0.329289600000163,0.295747400000134
0.048040800000004,0.027524599999999,0.471413000000302,0.241047600000084,0.211974000000072
0.021667499999998,0.13117559999999,0.287148500000126,0.262290600000089,0.297717800000134
0.057234600000006,0.014816,0.384918200000227,0.364948200000203,0.17808300000003
0.100119200000002,0.0055935,0.330158200000182,0.344794800000191,0.219334300000068
0.028463699999999,0.068162000000009,0.408718000000253,0.229553600000079,0.26510270000012
0.089771299999999,0.072948700000005,0.227653900000075,0.247982200000089,0.361643900000196
0.066222500000007,0.079465400000011,0.146941300000002,0.438348200000271,0.269022600000115
0.0083709,0.017877,0.407915700000252,0.35182160000018,0.214014800000066
0.099258199999991,0.152637500000007,0.260806200000115,0.184037300000049,0.303260800000139
0.088224000000001,0.0039214,0.221412200000073,0.473971700000319,0.212470700000047
0.037653200000002,0.024359699999999,0.320718700000167,0.427913000000267,0.18935540000004
0.0082046,0.065466900000009,0.351429700000204,0.1315702,0.443328600000271
0.108388699999998,0.0031,0.172653300000035,0.474124800000311,0.241733200000079
0.057053400000006,0.084767999999999,0.301854800000158,0.252019100000108,0.304304700000147
0.096653699999996,0.0312972,0.165072500000013,0.320887700000173,0.386088900000216
0.064182400000007,0.0089594,0.433928300000274,0.255575800000108,0.237354100000076
0.06576600000001,0.020320999999999,0.163479300000028,0.444240500000281,0.306193200000143
0.062115200000005,0.046895700000004,0.39512650000025,0.241178400000091,0.254684200000109
0.100823899999999,0.090348600000002,0.147761800000015,0.523502500000236,0.137563199999995
0.145787400000016,0.020012999999999,0.21127390000007,0.294261800000141,0.328663900000165
0.046552000000002,0.030332499999999,0.333265100000185,0.401286500000238,0.18856390000004
0.191150100000051,0.153383500000018,0.115864899999998,0.296972000000147,0.242629500000086
0.155960700000018,0.032172700000001,0.234899800000087,0.285597000000133,0.291369800000142
0.068559500000006,0.108401099999995,0.125587899999995,0.49450860000032,0.202942900000054
0.089693499999999,0.071700200000007,0.106803999999995,0.352405700000197,0.379396600000204
0.145901500000001,0.022212499999999,0.115466399999992,0.427397900000271,0.289021700000121
0.0823863,0.083426199999999,0.259060900000117,0.307844100000157,0.267282500000111
0.123005399999987,0.082730900000003,0.322985200000165,0.227876800000093,0.243401700000093
0.088576199999998,0.092682400000004,0.245044900000098,0.185133100000041,0.388563400000222
0.089978400000001,0.079985200000006,0.078238700000002,0.523166200000231,0.228631500000073
0.042978700000002,0.0093707,0.319054500000166,0.435933200000273,0.192662900000041
0.066961400000007,0.0859399,0.33331880000019,0.183961400000036,0.329818500000155
0.023676599999999,0.0835066,0.420574300000263,0.255116600000108,0.217125900000077
0.126306199999989,0.122147299999989,0.301094100000144,0.187571400000041,0.262881000000099
0.042684200000001,0.126421899999987,0.139429400000004,0.515341200000276,0.17612330000003
0.030861599999999,0.033800400000001,0.139308400000003,0.545988200000151,0.250041400000099
0.018179299999999,0.095230200000001,0.156279300000015,0.455203000000284,0.275108200000102
0.085112800000001,0.0124091,0.202053100000064,0.52491080000023,0.175514200000029
0.142525199999997,0.049278100000005,0.162941500000024,0.33661940000018,0.308635800000153
0.088898900000002,0.032848700000001,0.063939900000009,0.592120499999966,0.222192000000061
0.161971500000021,0.070248700000007,0.085008200000004,0.301316800000153,0.381454800000212
0.0356676,0.021010899999999,0.309058400000157,0.43818840000027,0.196074700000041
0.027051999999999,0.071697100000011,0.302930600000159,0.273995600000124,0.324324700000153
0.058908500000005,0.076772200000011,0.231057800000082,0.433346500000282,0.199915000000049
0.074366400000006,0.0001251,0.188259200000051,0.573039700000031,0.164209600000028
0.063139000000008,0.0060534,0.310603700000167,0.421506400000262,0.198697500000058
0.045468800000001,0.096868700000003,0.2573940000001,0.326685900000171,0.273582600000115
0.107980199999993,0.114651299999993,0.277263300000123,0.281737500000122,0.218367700000065
0.113813399999995,0.170488800000029,0.215073800000066,0.23102240000009,0.269601600000114
0.100783399999996,0.011759,0.215266200000083,0.410312500000243,0.26187890000011
0.177656900000045,0.060526000000009,0.220611000000083,0.3628782000002,0.178327900000036
0.053316100000004,0.114021699999989,0.288455300000129,0.290689700000142,0.253517200000099
0.029956099999999,0.094150600000001,0.39561600000024,0.250559600000089,0.229717700000082
0.112693599999999,0.071646500000006,0.101554600000004,0.377305000000222,0.336800300000173
0.0044393,0.025129399999999,0.278675200000131,0.361165400000202,0.330590700000169
0.088657300000003,0.124003499999988,0.276803100000131,0.239207000000082,0.271329100000132
0.167694100000021,0.0320109,0.181399900000028,0.280892100000137,0.338003000000176
0.224268700000078,0.052003700000006,0.130960499999995,0.312444100000162,0.280323000000122
0.0115063,0.095699399999998,0.129617099999994,0.351280600000187,0.411896600000261
0.081482800000002,0.054758400000007,0.216092700000069,0.398784300000232,0.248881800000089
0.101617500000003,0.0015507,0.173293900000029,0.445164000000282,0.278373900000114
0.051742800000004,0.0326526,0.328086500000179,0.321893800000171,0.265624300000123
0.059861700000007,0.136912400000004,0.295528500000148,0.301812900000154,0.205884500000054
0.090912400000002,0.029028499999999,0.114335299999994,0.441501200000272,0.324222600000154
0.0047043,0.007641,0.408825400000248,0.273837700000115,0.304991600000146
0.101014199999998,0.0042506,0.23619540000008,0.308193600000163,0.350346200000194
0.071608600000009,0.16719400000003,0.282736100000142,0.283973300000139,0.194488000000042
0.079964700000003,0.028063199999999,0.144893500000017,0.588502299999976,0.158576300000014
0.136733799999989,0.045796100000005,0.22443790000008,0.411781000000256,0.181251200000034
0.058359800000007,0.105612799999996,0.242763900000086,0.305978700000156,0.287284800000127
0.044342300000003,0.078338100000006,0.36144620000022,0.404636300000237,0.111237099999996
0.126479599999996,0.035550800000002,0.117968099999996,0.377789900000219,0.34221160000019
0.039759600000001,0.026281799999999,0.372906500000227,0.34054840000019,0.220503700000072
0.046864300000003,0.0151967,0.417174500000278,0.364515600000204,0.156248900000017
0.0954471,0.042390400000002,0.165026800000022,0.327668800000175,0.369466900000196
0.089682000000001,0.099973199999999,0.189094600000048,0.384523200000226,0.236727000000079
0.067980700000005,0.037379800000003,0.196245500000051,0.230730600000074,0.467663400000293
0.0208373,0.091801600000002,0.224352000000082,0.425577100000265,0.237432000000083
0.177662300000033,0.082246500000006,0.192871000000043,0.398574700000235,0.14864550000001
0.058485600000006,0.018809699999999,0.252822100000096,0.228967200000086,0.440915400000262
0.015188099999999,0.129808999999995,0.332140500000175,0.283167700000132,0.239694700000093
0.0143076,0.044551100000003,0.429086400000271,0.271982200000112,0.24007270000009
0.180407800000033,0.061168000000006,0.20951230000007,0.274851300000114,0.274060600000112
0.035030400000002,0.040484300000002,0.503246700000342,0.204692800000059,0.216545800000066
0.051121600000004,0.0009323,0.211343800000067,0.387246900000238,0.349355400000194
0.078014800000007,0.0036296,0.288323900000148,0.358967100000211,0.271064600000107
0.155703300000017,0.051001500000006,0.114859299999993,0.356355100000202,0.322080800000162
0.100019699999998,0.043709200000002,0.240245700000086,0.331918400000169,0.284107000000134
0.1349115,0.035083500000002,0.164120200000028,0.414320100000245,0.251564700000087
0.032048099999999,0.032669300000002,0.269016600000117,0.316459000000153,0.349807000000192
0.054295400000006,0.010218999999999,0.273710000000125,0.478315300000325,0.183460300000028
0.0876847,0.038874800000002,0.293045300000141,0.187212000000044,0.393183200000244
0.074924900000001,0.029684899999999,0.328256800000177,0.280803800000116,0.286329600000133
0.043346100000002,0.12517389999999,0.299939500000145,0.364026900000201,0.167513600000016
0.063247200000009,0.013672499999999,0.040284400000001,0.604063199999862,0.278732700000123
0.0001677,0.024114399999999,0.370524000000214,0.356218600000199,0.248975300000096
0.132463699999995,0.037556200000003,0.216130500000079,0.312457400000159,0.301392200000137
0.190515600000038,0.040341500000002,0.141007800000001,0.29829630000015,0.329838800000167
0.088359400000009,0.0363694,0.106515299999998,0.513578400000263,0.255177500000103
0.134442499999991,0.0013166,0.136202199999996,0.402120900000243,0.325917800000184
0.079525400000005,0.020842699999999,0.335579700000187,0.361446800000195,0.202605400000064
0.06608100000001,0.027257099999999,0.130948299999997,0.392355800000233,0.383357800000219
0.110441799999993,0.099982600000001,0.145111100000004,0.348869700000193,0.295594800000145
0.116494299999996,0.100664999999997,0.214511900000076,0.306708100000165,0.261620700000106
0.0361725,0.041783600000002,0.258837400000105,0.473776500000318,0.189430000000041
0.109946399999994,0.0850765,0.215562100000073,0.264018800000093,0.325396200000166
0.065844100000009,0.0004312,0.235598800000085,0.338848500000191,0.359277400000213
0.037423400000002,0.073477000000006,0.286637000000127,0.277594800000119,0.324867800000165
0.060570500000009,0.0418235,0.282013600000127,0.240266500000077,0.375325900000206
0.057480100000006,0.060958300000006,0.342376200000185,0.278369100000105,0.260816300000099
0.16939380000002,0.052314300000003,0.344426700000188,0.198689800000056,0.235175400000081
0.146729500000005,0.090167999999999,0.174414700000035,0.314015400000149,0.274672400000126
0.061933200000007,0.104282499999998,0.255315000000112,0.322834700000159,0.2556346000001
0.167203800000022,0.102901399999999,0.102496399999993,0.356537400000214,0.270861000000113
0.139481300000002,0.002163,0.136624000000006,0.43397300000027,0.287758700000143
0.11643179999999,0.076749400000006,0.322088400000178,0.23650020000009,0.248230200000092
0.119552599999993,0.042043000000004,0.278458400000124,0.366252900000179,0.193693100000037
0.069568100000009,0.020937399999999,0.44321780000028,0.263703700000107,0.202573000000053
0.090036900000003,0.097889399999998,0.288418700000134,0.321093400000157,0.202561600000055
0.133608999999999,0.035085100000002,0.200237600000054,0.200315300000057,0.430753000000263
0.115851199999988,0.048753900000004,0.174392500000037,0.361410900000193,0.299591500000132
0.175563900000027,0.025318699999999,0.210539500000075,0.361142500000199,0.227435400000084
0.100834599999995,0.0015225,0.12207819999999,0.413422600000256,0.362142100000208
0.065442800000008,0.048332600000006,0.534843000000212,0.160157100000014,0.191224500000042
0.075148700000007,0.079463300000001,0.322849200000177,0.367991700000203,0.154547100000013
0.099808400000006,0.0114707,0.329698700000178,0.361244900000202,0.197777300000046
0.052062100000004,0.0094096,0.287010500000135,0.391739300000237,0.259778500000097
0.042058100000004,0.028786899999999,0.348277900000212,0.304530400000139,0.276346700000118
0.196662200000049,0.141547400000007,0.271534200000118,0.124010299999994,0.266245900000113
0.0131575,0.104215999999994,0.280012500000137,0.403269900000241,0.199344100000051
0.130175099999998,0.040932900000002,0.137483600000001,0.37247970000021,0.318928700000136
0.124676899999988,0.022602899999999,0.203971300000062,0.424950700000267,0.223798200000084
0.089693400000002,0.0025727,0.227762800000086,0.428981200000273,0.25098990000008
0.150125400000007,0.0018164,0.122080999999985,0.263521400000116,0.462455800000299
0.073333000000005,0.0238004,0.372964300000217,0.272261300000116,0.2576410000001
0.129321999999989,0.049390100000004,0.348922800000199,0.21670680000007,0.255658300000097
0.243428800000094,0.0071623,0.233657000000088,0.250347000000099,0.265404900000094
0.068666500000008,0.0021411,0.571844800000034,0.144897500000004,0.212450100000069
0.139664300000001,0.093543299999997,0.091346100000004,0.460193600000303,0.215252700000061
0.000937,0.071146500000006,0.159903800000017,0.47326820000031,0.29474450000013
0.070336000000008,0.081771900000007,0.34536070000019,0.244972900000083,0.257558500000106
0.131224299999989,0.016981799999999,0.168647400000035,0.428820900000245,0.2543256000001
0.17755420000003,0.056901300000005,0.131369999999995,0.291718400000139,0.342456100000187
0.068835900000006,0.051496700000005,0.216157700000068,0.402336600000246,0.261173100000104
0.044426000000003,0.0334078,0.286053900000131,0.40986290000023,0.226249400000066
0.082376800000001,0.0171102,0.133457500000002,0.336292600000182,0.430762900000265
0.125266599999987,0.023178099999999,0.420005800000262,0.29568370000013,0.135865800000005
0.0820229,0.052637400000005,0.30726840000015,0.350965100000201,0.207106200000059
0.0139096,0.048819300000006,0.437522400000286,0.268871200000112,0.230877500000077
0.058891900000005,0.059637200000007,0.448751100000292,0.178482800000035,0.254237000000105
0.209393200000062,0.017989399999999,0.229822200000084,0.271408500000113,0.271386700000117
0.034141800000001,0.021391899999999,0.431159100000279,0.349319700000193,0.163987500000019
0.112481799999993,0.029826799999999,0.165377400000035,0.47391240000031,0.218401600000066
0.118828799999986,0.084498199999999,0.407802500000244,0.177243000000023,0.211627500000061
0.095517299999996,0.0334775,0.198689700000055,0.521550500000214,0.150765000000013
0.136034399999999,0.088223200000001,0.143851799999997,0.440491700000262,0.191398900000046
0.028579899999999,0.015423599999999,0.546313000000151,0.240295000000088,0.169388500000028
0.0965515,0.052308400000003,0.151408900000011,0.386327000000229,0.313404200000152
0.114542699999993,0.0002025,0.213886400000066,0.39082370000023,0.280544700000125
0.156693900000014,0.007933,0.304914500000164,0.327396900000153,0.203061700000046
0.080722800000007,0.022316199999999,0.348437200000194,0.318596400000166,0.229927400000091
0.0006205,0.042793800000002,0.34730400000018,0.39555070000024,0.213731000000068
0.056926400000007,0.032648399999999,0.388965100000219,0.292172400000137,0.229287700000072
0.051974200000003,0.013198399999999,0.202210300000061,0.440142200000291,0.292474900000147
0.091938899999999,0.064590700000008,0.198621500000062,0.375937300000226,0.268911600000112
0.118817999999988,0.133021099999996,0.084319500000008,0.487888000000329,0.175953400000036
0.048154700000006,0.105818999999998,0.282187000000126,0.259697700000109,0.30414160000016
0.061125700000006,0.020759499999999,0.120300400000001,0.590497799999956,0.207316600000061
0.094575799999998,0.017699899999999,0.291102300000138,0.377117400000218,0.219504600000064
0.161339300000017,0.0073638,0.231595200000088,0.283586400000115,0.316115300000156
0.042199200000002,0.099668799999998,0.489277100000326,0.190541100000045,0.178313800000026
0.11347419999999,0.046447600000005,0.17456050000003,0.337821400000174,0.327696300000159
0.062472000000005,0.000212,0.378361000000226,0.222623400000077,0.336331600000185
0.060740600000008,0.018359699999999,0.401774700000248,0.256573100000106,0.26255190000012
0.082905000000003,0.042575200000004,0.187655100000046,0.441071400000275,0.245793300000083
0.144740600000012,0.025339899999999,0.24089930000008,0.406338300000238,0.182681900000026
0.198409400000042,0.0031619,0.042446400000003,0.441082500000271,0.314899800000156
0.162832700000025,0.067032600000008,0.111025099999991,0.409543800000252,0.249565800000084
0.0087068,0.089183299999999,0.349604100000196,0.343469600000188,0.209036200000065
0.086418699999998,0.093036300000004,0.231881200000081,0.261004700000108,0.327659100000167
0.073341600000007,0.083833500000004,0.197172400000051,0.357525500000194,0.288127000000134
0.101076500000001,0.065785600000007,0.229493400000077,0.29026680000013,0.313377700000162
0.075446200000005,0.046879100000003,0.248411900000097,0.332552900000169,0.296709900000141
0.0160141,0.083523000000001,0.393213700000233,0.235499800000089,0.271749400000117
0.061571300000007,0.0004577,0.41479650000027,0.347827800000186,0.175346700000037
0.092287300000002,0.089217000000002,0.264051100000124,0.195294900000045,0.359149700000196
0.080346300000005,0.0331585,0.308548200000158,0.33349310000019,0.244453900000092
0.045383900000003,0.026459899999999,0.342372300000186,0.258528600000103,0.327255300000167
0.071561300000011,0.071330100000009,0.335377000000187,0.286522300000132,0.235209300000085
0.086920500000002,0.027357999999999,0.241175300000092,0.226373700000079,0.418172500000247
0.069684300000007,0.065179900000009,0.130678499999996,0.558291600000096,0.17616570000003
0.064801200000007,0.040018800000001,0.342160800000191,0.374229700000214,0.178789500000032
0.023197099999999,0.080506900000007,0.122427099999996,0.535523400000198,0.238345500000086
0.083725400000005,0.024623,0.214222900000073,0.256578200000103,0.420850500000251
0.085935699999997,0.0050105,0.210745500000071,0.357206600000195,0.341101700000182
0.076909300000003,0.0063941,0.211824000000075,0.347924500000195,0.356948100000192
0.122726099999985,0.0154399,0.297045700000139,0.38273830000021,0.182050000000029
0.063105400000006,0.076335000000004,0.308080000000166,0.371382000000211,0.181097600000027
0.094529599999999,0.0014126,0.259197700000108,0.458681600000289,0.186178500000043
0.068769600000008,0.023403799999999,0.247508800000113,0.48271010000032,0.177607700000036
0.045026900000001,0.012648199999999,0.312781400000155,0.361977700000207,0.267565800000097
0.16959050000002,0.0336446,0.257796000000117,0.378354500000228,0.160614400000017
0.160079900000011,0.001253,0.276540100000127,0.321864600000152,0.240262400000081
0.092140799999999,0.046511000000004,0.176867500000036,0.316853100000156,0.367627600000205
0.13234719999999,0.046943700000005,0.285414100000139,0.264064500000109,0.271230500000124
0.173061000000027,0.0180909,0.127625099999991,0.377331600000209,0.303891400000135
0.089659500000002,0.12948019999999,0.203615400000063,0.378111700000217,0.199133200000048
7.5500000000001E-05,0.090799299999997,0.2482762000001,0.317344100000168,0.343504900000181
0.133610299999991,0.083709800000004,0.140760900000011,0.380413700000222,0.261505300000093
0.086068100000004,0.019400199999999,0.2556456000001,0.451157400000283,0.187728700000043
0.06478390000001,0.012388,0.359524800000212,0.274772200000128,0.288531100000131
0.026431599999999,0.051019300000003,0.270605500000115,0.320923500000157,0.331020100000155
0.138818099999999,0.070562600000009,0.145336000000003,0.306401400000165,0.338881900000189
0.099969499999994,0.0012595,0.305780100000148,0.355960500000205,0.237030400000081
0.127241199999994,0.03345,0.256830000000117,0.286479200000135,0.295999600000134
0.023889399999999,0.118405899999988,0.237280700000084,0.364627000000206,0.255797000000094
0.050521900000005,0.056508200000005,0.365674000000209,0.312510700000156,0.214785200000063
0.051509200000006,0.16235810000002,0.158366400000022,0.364200100000197,0.26356620000011
0.090119999999997,0.057297600000003,0.422658500000271,0.204840300000066,0.225083600000073
0.108158499999995,0.044881400000003,0.401498900000239,0.242102300000092,0.203358900000054
0.127038699999983,0.0098708,0.144679300000017,0.310102600000155,0.408308600000235
0.055643400000006,0.013630499999999,0.326011900000183,0.200256000000061,0.404458200000248
0.102788399999996,0.021429099999999,0.107671699999995,0.382751100000224,0.385359700000224
0.019041999999999,0.0981441,0.373747200000215,0.321131400000162,0.187935300000033
0.038993100000002,0.058158000000006,0.395129200000235,0.349252300000178,0.158467400000018
0.238146800000099,0.0354464,0.223523800000079,0.198538100000053,0.304344900000136
0.100462699999995,0.072315500000006,0.365674700000213,0.258322500000102,0.203224600000058
0.116724199999995,0.037620800000001,0.315737300000174,0.350221100000198,0.179696600000031
0.167658700000026,0.0330032,0.233209200000094,0.354848700000203,0.211280200000061
0.028241399999999,0.048293700000006,0.16809270000003,0.481952800000323,0.273419400000117
0.115377399999993,0.055116700000008,0.260414600000119,0.366228700000208,0.202862600000055
0.056395400000005,0.0184766,0.269622500000124,0.24043220000008,0.415073300000248
