C,D,Int,L,PeP,Dec
0.030569599999999,0.318879800000169,0.039014000000001,0.190724100000039,0.148973200000012,0.271839300000128
0.0084903,0.493707400000331,0.0001103,0.120822099999987,0.056374800000006,0.320495100000173
0.065105600000009,0.224769100000066,0.055321900000007,0.18229280000004,0.167652200000023,0.30485840000015
0.0247121,0.378934400000217,0.096477299999995,0.116569599999991,0.10893329999999,0.274373300000129
9.62000000000015E-05,0.516986300000288,0.0327288,0.184813800000042,0.09252089999999,0.172854000000036
0.0001157,0.459160500000291,0.029838899999999,0.256758200000103,0.051269200000004,0.202857500000059
0.019034599999999,0.326578400000179,0.048313000000005,0.159563800000015,0.338136900000143,0.108373299999995
0.0091604,0.335799800000175,9.12000000000014E-05,0.178182100000028,0.199285100000051,0.27748140000013
0.049893500000007,0.385266900000222,0.048050600000003,0.193632300000042,0.045758300000001,0.277398400000128
0.0151654,0.239986900000101,0.044276300000003,0.253213400000104,0.32687850000018,0.120479499999992
0.0317949,0.189074900000034,0.017375899999999,0.125050699999991,0.078550400000003,0.558153200000097
8.94000000000013E-05,0.423917100000266,0.0117667,0.123124799999991,0.118973799999993,0.322128200000174
0.069703500000008,0.356445700000196,0.076645100000001,0.268536100000115,0.078248300000004,0.150421300000008
0.080007400000003,0.293224100000135,0.012910899999999,0.217409400000074,0.14396820000001,0.252480000000107
0.0096788,0.571164500000025,0.042332600000002,0.109998699999998,0.059910800000008,0.206914600000064
0.066342900000007,0.287140900000128,0.135605199999995,0.307089000000146,0.123918399999984,0.079903600000007
0.040919000000002,0.386021900000224,7.74000000000008E-05,0.242583100000091,0.126816199999985,0.203582400000049
0.051781300000004,0.383340000000228,0.088980899999999,0.151043499999998,0.161997700000021,0.162856600000019
0.042842000000002,0.363455900000203,0.005881,0.112562299999988,0.000102,0.475156800000323
0.046880100000003,0.370877700000198,0.044173700000002,0.250350400000085,0.161427500000007,0.126290599999993
0.040632600000001,0.368293700000204,0.051649600000005,0.2549452000001,0.011104,0.273374900000124
0.028362699999999,0.245382600000104,0.043509100000005,0.206364300000053,0.070827700000005,0.405553600000257
0.050715000000004,0.387037000000228,0.085269099999997,0.272762000000119,0.0057405,0.198476400000056
0.054289500000006,0.22552280000007,0.0076075,0.32733800000016,0.058289900000007,0.326952300000175
8.05000000000011E-05,0.472427700000311,0.076853300000003,0.268509100000119,0.0045174,0.177612000000038
0.018920899999999,0.193162600000054,0.090560500000002,0.201657300000052,0.217840300000048,0.277858400000126
0.054540400000006,0.435294300000275,0.044861800000004,0.110045999999994,0.126329399999987,0.228928100000082
0.003701,0.315503400000163,0.090633400000003,0.139388700000002,0.102583999999996,0.348189500000198
7.37000000000009E-05,0.294174500000138,0.053205300000005,0.178219700000031,0.049563700000006,0.424763100000285
0.0150086,0.34287360000018,0.035675500000002,0.223453200000073,0.037801000000001,0.345188100000192
0.033131199999999,0.308490400000159,0.156400100000009,0.300998600000142,0.124513899999987,0.076465800000006
0.024995199999999,0.174268400000016,0.024863499999999,0.408569700000254,0.053237800000006,0.314065400000167
0.027592099999999,0.1015555,0.0001821,0.083456300000009,0.294554000000139,0.492660000000335
0.051831600000007,0.314666500000162,0.052626000000005,0.284931300000123,0.114794699999989,0.181149900000036
0.054767500000005,0.227300200000076,8.47000000000012E-05,0.419868900000259,0.071011100000007,0.226967600000079
0.050871300000004,0.340704200000179,0.0031703,0.1404952,0.135296399999993,0.329462600000173
0.037972900000001,0.544769300000144,0.0177425,0.203381100000056,0.046125800000003,0.15000840000002
0.036440700000002,0.234071800000088,0.084821400000002,0.229044000000086,0.043225600000003,0.372396500000226
0.0107853,0.470627000000308,0.035339200000003,0.154815400000016,0.1388048,0.189628300000048
0.061126700000009,0.368229100000213,0.0001324,0.193338900000046,0.225989800000071,0.151183100000007
0.058810900000006,0.343690800000191,0.065166900000011,0.123602999999989,0.11564109999999,0.293087300000146
0.059308300000008,0.33122870000018,0.078628800000005,0.15140960000001,0.043901600000004,0.335523000000193
0.085502099999999,0.197242300000052,0.0100359,0.228232100000078,0.157764900000015,0.321222700000172
0.024533399999999,0.332256900000184,0.0131375,0.172879500000023,0.274122700000108,0.183070000000039
0.051337100000004,0.41416540000026,0.004486,0.093054899999998,0.14173109999999,0.295225500000138
0.010010399999999,0.484452700000322,0.063263900000009,0.23598690000007,0.031234999999999,0.175051100000043
0.027196799999999,0.149405900000006,0.061002500000007,0.179715400000037,0.223854400000083,0.358825000000206
0.043746700000004,0.335410900000183,0.048252300000006,0.202287300000058,0.137000699999999,0.233302100000097
0.028194699999999,0.381981900000216,0.045486700000004,0.215148800000068,0.169879600000033,0.15930830000002
0.0133056,0.431087500000265,0.028172099999999,0.109769499999993,0.167023100000023,0.250642200000102
0.004909,0.314193300000154,0.0161402,0.258868800000102,0.108433900000003,0.297454800000151
0.058814900000006,0.262896100000092,0.026417499999999,0.144297100000013,0.170205600000032,0.337368800000185
0.0061786,0.514001600000286,7.5200000000001E-05,0.126279799999987,0.027156399999999,0.32630840000017
0.0152829,0.258935200000117,0.113104999999992,0.245088200000083,0.106592399999991,0.26099630000012
0.031944200000001,0.428175300000276,0.0005981,0.103283800000001,0.041495100000002,0.394503500000245
0.0221887,0.40697790000025,0.024890999999999,0.160924600000011,0.116952999999987,0.268064800000122
0.0137975,0.294073100000132,0.013883199999999,0.192394300000038,0.252345900000107,0.233506000000093
0.057079200000007,0.530483200000227,0.0127729,0.130300499999992,0.053115200000006,0.216249000000076
0.035384500000001,0.347827200000196,0.000932,0.149037800000005,0.149191300000007,0.317627200000174
4.30000000000002E-05,0.583016599999999,0.099077800000006,0.131268199999994,0.061763000000007,0.124831399999994
0.046109000000003,0.451471400000284,0.0046004,0.228777600000071,0.138394999999991,0.130646599999992
0.055591100000007,0.426978400000263,0.089977799999999,0.18048230000003,0.067990900000006,0.178979500000037
0.076730000000002,0.387329700000221,0.094932699999997,0.27067220000012,0.06316220000001,0.107173199999996
0.016629299999999,0.362695100000225,0.0010491,0.202325100000061,0.098104799999994,0.319196600000164
8.98000000000013E-05,0.363088700000207,0.0104893,0.298592000000145,0.023953699999999,0.303786500000156
0.015997399999999,0.346253300000201,0.0066761,0.228273700000071,0.115655999999997,0.287143500000142
0.060373000000007,0.304999700000148,0.011094499999999,0.253671900000107,0.169522800000008,0.200338100000052
0.022804099999999,0.356209900000197,0.0002519,0.176875700000036,0.032639399999999,0.411219000000267
0.0157724,0.371973900000216,0.038508100000002,0.103969399999995,0.0142461,0.455530100000306
0.025843699999999,0.315823600000163,0.062364000000009,0.149713500000006,0.053051200000006,0.393204000000244
0.063778200000008,0.306286500000152,0.19457460000005,0.197268400000045,0.042959400000001,0.195132900000064
0.035763800000002,0.430287100000283,7.64000000000008E-05,0.160723100000016,0.164154700000022,0.208994900000067
0.0006135,0.330656700000175,0.0332135,0.215900900000069,0.305610300000133,0.114005099999993
0.031886800000001,0.247873100000107,0.0009493,0.15466900000001,0.213837800000073,0.350784000000191
0.018696499999999,0.509754700000283,0.079461700000004,0.192489500000046,0.0321748,0.167422800000029
0.060819100000007,0.317730900000158,0.050910600000004,0.155903100000025,0.249681900000097,0.164954400000025
0.045903200000004,0.37231050000021,0.071992400000006,0.179206900000033,0.046608800000004,0.283978200000137
0.0055606,0.38608790000022,0.161066400000021,0.278322900000112,0.070402300000008,0.098559899999999
0.0066034,0.459842900000289,0.108791199999993,0.155884100000013,0.067835700000005,0.201042700000064
0.022559199999999,0.378305000000221,0.0301982,0.174844400000031,0.16646150000001,0.22763170000008
0.0379824,0.238025500000087,0.099853499999996,0.238581400000096,0.270456600000122,0.115100599999999
0.0004739,0.304480000000164,0.0002572,0.134355799999989,0.212353700000059,0.348079400000193
0.004467,0.361319300000194,0.0005427,0.161294600000022,0.101138299999997,0.371238100000213
0.055567300000005,0.395688400000225,0.0017977,0.146707100000007,0.211533500000068,0.188706000000044
0.036497000000001,0.198457400000042,0.181165100000043,0.191754900000049,0.290461300000154,0.1016643
0.010829499999999,0.166354100000018,0.038631400000001,0.339918600000177,0.224353900000084,0.219912500000061
0.0001188,0.446909500000291,0.133686199999984,0.21496450000006,0.058018000000006,0.146303000000008
0.073774300000008,0.358831300000197,0.193839400000053,0.140979800000002,0.0132488,0.219326400000073
0.054434200000006,0.3577892000002,0.047699700000003,0.129037799999993,0.105324199999995,0.305714900000155
0.022244499999999,0.36290480000021,0.174719900000029,0.262126300000104,0.1068825,0.071122000000006
0.000223,0.429185200000268,0.083733300000003,0.264464800000106,0.035720000000001,0.186673700000041
0.038861500000001,0.241808600000098,0.091239600000001,0.262170000000118,0.156629500000017,0.209290800000068
0.0001764,0.394836800000234,0.094989999999995,0.288067700000138,0.021708499999999,0.200220600000058
0.037052400000001,0.281290700000125,0.068970800000006,0.350355100000187,0.0271533,0.235177700000097
0.073999400000005,0.254295300000097,0.0005339,0.289494600000135,0.179230400000035,0.202446400000057
0.0329136,0.276829800000117,0.057874300000007,0.147998599999998,0.113546999999991,0.370836700000226
0.0046633,0.3426310000002,0.0018627,0.230768500000075,0.125953999999989,0.294120500000141
0.052719000000005,0.424759500000273,0.078028800000003,0.247487000000079,0.075947800000005,0.12105789999999
0.063596300000008,0.336627200000177,0.072690100000006,0.235213700000095,0.068249000000005,0.22362370000008
0.067989600000011,0.378984500000232,0.0001214,0.088643300000001,0.044628000000003,0.419633200000263
0.037844800000001,0.537880400000179,0.068708900000008,0.166758000000028,0.076521200000006,0.112286699999998
0.0156273,0.265586600000115,0.070338200000008,0.212807900000063,0.057264100000005,0.378375900000228
0.0001891,0.344882900000191,0.043859600000002,0.202572400000048,0.070695899999999,0.337800100000181
0.021256599999999,0.170454500000031,6.30000000000007E-05,0.174328400000024,0.21525420000007,0.418643300000267
0.042143000000004,0.421635600000263,0.090160400000002,0.129900599999992,0.033626699999999,0.282533700000136
0.0012382,0.286652300000123,0.039449500000002,0.384707000000227,0.119914599999986,0.168038400000023
0.047166300000003,0.489791300000321,0.069537500000008,0.163697400000017,0.0332786,0.196528900000051
0.018524099999999,0.363182300000201,0.077163300000003,0.1109938,0.297206300000138,0.132930200000001
0.027753,0.420893400000265,0.081145700000008,0.158982000000021,0.210436800000061,0.100789099999994
0.0068047,0.426354500000251,0.0112841,0.116723299999991,0.102412599999996,0.336420800000183
0.014807399999999,0.417129400000259,0.124741799999986,0.218153500000062,0.0031624,0.222005500000075
0.081791200000003,0.346079300000195,0.084652500000001,0.242655900000075,0.022315399999999,0.222505700000084
0.0217375,0.526252800000213,0.058233900000009,0.23322160000008,0.0001765,0.160377700000027
0.018874599999999,0.575115500000013,0.0005378,0.080030200000002,0.173108000000028,0.152333900000008
0.062068900000008,0.460749500000309,0.078098100000005,0.237960000000086,0.0118393,0.149284200000019
0.030637699999999,0.404581800000238,0.108849899999993,0.179002700000038,0.037281700000002,0.239646200000087
0.032029500000001,0.344582300000187,0.0001368,0.154170300000011,0.175805700000035,0.293275400000137
0.039564800000001,0.402931400000251,0.062490600000007,0.200083900000051,0.150425800000014,0.144503500000005
0.032543599999999,0.341914600000203,0.051853300000007,0.167651400000022,0.148808300000004,0.257228800000109
0.059494300000006,0.571916500000038,0.064679400000007,0.188173200000031,0.021513199999999,0.094223400000003
0.027668099999999,0.355042000000199,0.0326848,0.144123700000007,0.044431400000004,0.396050000000234
0.041195100000002,0.139541,0.083228300000006,0.316665500000153,0.206644300000061,0.212725800000061
0.078796500000005,0.386269500000231,0.0001563,0.055561000000006,0.199526800000053,0.279689900000134
0.075197400000006,0.319099500000154,0.069950700000008,0.178139400000019,0.077552700000004,0.280060300000137
0.075976200000007,0.589034299999952,0.060234600000007,0.160430500000016,0.033520900000001,0.080803500000006
0.125037099999996,0.212011400000065,0.0010609,0.295066600000142,0.13344079999999,0.233383200000092
0.028989399999999,0.449399800000269,0.116786099999995,0.241154900000073,0.0307063,0.1329635
0.030264799999999,0.320785100000166,0.044992300000002,0.201289000000062,0.227871600000079,0.174797200000026
0.01913,0.261423000000101,0.084016400000003,0.290693000000143,0.207676900000037,0.137060699999999
0.029690699999999,0.459101100000301,0.025551899999999,0.140534200000004,0.084420100000001,0.260702000000104
0.0127018,0.268944600000109,0.185026600000034,0.190657700000035,0.060947100000007,0.281722200000123
0.0118228,0.567455300000091,0.06537940000001,0.187418900000042,0.0001218,0.167801800000029
0.030848699999999,0.340931300000183,0.039123800000001,0.163988100000018,0.0172694,0.407838700000255
0.0027815,0.290852600000135,0.0002211,0.2526944000001,0.157269400000021,0.296181000000143
0.044906700000003,0.303669300000136,0.0011266,0.198185400000047,0.091432199999999,0.36067980000021
0.046532500000005,0.276610500000131,0.030028499999999,0.170635600000023,0.239564800000067,0.236628100000086
0.030324599999999,0.546908800000143,0.039361300000002,0.178472800000031,0.016450299999999,0.188482200000047
0.086540299999999,0.274314800000126,0.051168100000005,0.142547300000008,0.256487800000106,0.188941700000045
0.054289600000005,0.215625600000065,0.041570200000001,0.262387000000105,0.150146399999999,0.275981200000124
0.0099828,0.224061100000077,0.058814000000009,0.140701600000001,0.292751400000138,0.273689100000124
0.027735199999999,0.246967500000096,0.0168162,0.106155699999997,0.274318000000129,0.328007400000179
0.0038673,0.33005880000017,0.042259000000003,0.203353700000054,0.197313800000054,0.223147400000077
0.0061194,0.411457200000251,0.063462200000008,0.164975500000024,0.140561199999989,0.213424500000068
0.0064433,0.423446300000264,0.063461000000011,0.176500300000029,0.103768599999998,0.226380500000085
0.000176,0.371614600000208,0.010715399999999,0.205598700000059,0.129937099999993,0.281958200000139
0.0041027,0.329140300000175,0.0102531,0.264576900000107,0.14190150000001,0.250025500000106
0.0023581,0.372558900000211,0.037972000000003,0.208330800000064,0.16767980000003,0.21110040000007
0.0070896,0.414155500000252,0.0347698,0.196494000000055,0.071918400000007,0.275572700000118
0.064843400000009,0.424340600000268,0.005521,0.066572400000007,0.155200700000013,0.283521900000132
0.019033299999999,0.47587730000031,0.027360099999999,0.272082400000115,0.0971994,0.10844749999999
0.0001268,0.381221800000222,0.0442768,0.126008999999986,0.203045000000038,0.245320600000092
0.065373900000008,0.27597130000013,0.062738500000009,0.301762200000139,0.047241300000005,0.246912800000101
0.0027455,0.33996670000018,0.107687999999998,0.226782000000089,0.081040200000001,0.241777600000102
0.016305499999999,0.516227400000268,0.01766,0.0747764,0.026439499999999,0.348591200000196
0.039280200000001,0.344275200000185,0.0379605,0.160936800000016,0.126505199999988,0.29104210000014
0.072441600000007,0.413635300000262,0.017362299999999,0.217202100000077,0.196929600000051,0.082429100000003
0.015497999999999,0.298832100000142,0.0055889,0.325703300000168,0.044890700000001,0.309487000000154
0.0038983,0.397860100000231,0.122818799999991,0.23799020000008,0.132606299999996,0.104826299999995
0.040401700000003,0.271210500000122,0.103450100000001,0.27127340000012,0.102005800000006,0.211658500000064
0.0109183,0.270355200000122,0.1451066,0.282750100000128,0.024278799999999,0.266591000000123
0.0042173,0.343203200000203,0.028527099999999,0.133791000000002,0.190390700000042,0.299870700000154
0.0084964,0.245260300000088,0.109337000000003,0.170472000000024,0.346486900000208,0.119947399999989
0.0126515,0.221068700000075,0.0112915,0.12207869999999,0.078776400000003,0.554133200000118
0.0150197,0.3518067000002,0.0032604,0.233161600000068,0.133425700000001,0.263325900000126
4.62000000000003E-05,0.376853100000221,0.0368827,0.103284999999994,0.103627099999996,0.379305900000228
0.028225499999999,0.510053800000313,0.143294800000005,0.0924493,0.092310299999997,0.133666299999994
0.035629,0.398271200000238,6.59000000000008E-05,0.067133300000005,0.056719100000006,0.442181500000297
0.069602700000008,0.448038700000294,0.110422099999988,0.233614400000083,0.015790899999999,0.122531199999998
0.016873899999999,0.340326100000181,0.0064853,0.263049900000104,0.046554600000004,0.326710200000169
0.071222200000006,0.219832600000072,0.0001258,0.253632000000107,0.201030400000057,0.254157000000103
0.051481700000005,0.163384900000022,0.0034563,0.067271300000009,0.454173000000271,0.260232800000113
0.074640700000005,0.243106300000087,0.088988100000001,0.282656800000124,0.129913499999992,0.180694600000029
0.014567699999999,0.372699900000218,0.0011004,0.192654500000051,0.0795539,0.339423600000182
0.014483,0.46050480000029,0.043067700000001,0.100066900000001,0.135463099999986,0.246414500000107
0.0015188,0.395627100000239,0.021260799999999,0.318377000000147,0.0165447,0.246671600000103
0.105293099999991,0.340223200000172,0.022455199999999,0.158309700000016,0.174132300000028,0.199586500000055
3.69000000000001E-05,0.355688500000202,0.083751000000004,0.355686800000198,0.041020000000002,0.163816800000019
0.070484900000006,0.501128100000324,0.103281499999996,0.126316499999991,0.119220299999992,0.0795687
0.034576799999999,0.284675100000138,0.045732400000004,0.223301900000077,0.210792500000053,0.200921300000057
0.024370099999999,0.30234020000014,0.0327056,0.264252000000106,0.073919900000001,0.302412200000158
0.0088804,0.383059700000222,0.0032926,0.191341400000034,0.060368100000008,0.353057800000203
0.022586999999999,0.2438996000001,0.0132718,0.247975200000086,0.252569700000111,0.219696700000075
0.0049351,0.3534835000002,0.015061899999999,0.154118100000019,0.327185400000183,0.145216000000009
0.0170297,0.418501000000262,0.023429399999999,0.177426500000034,0.125076299999988,0.238537100000091
0.029253599999999,0.191575700000037,0.023496499999999,0.266219900000112,0.066968600000007,0.422485700000277
0.028079199999999,0.333827900000184,0.050003600000004,0.170284700000031,0.096847199999999,0.320957400000179
0.0050866,0.368693000000219,0.06746370000001,0.060901700000005,0.102148599999993,0.395706400000247
0.047910800000005,0.410607200000248,6.30000000000007E-05,0.190788100000046,0.196070800000052,0.154560100000013
0.0078514,0.419678800000273,0.057244000000007,0.279440400000135,0.129404599999989,0.106380799999993
0.037390400000001,0.146562100000014,0.086958900000001,0.124016199999984,0.208849000000033,0.396223400000245
0.063823700000008,0.317031800000165,0.0042925,0.277300200000118,8.04000000000011E-05,0.337471400000187
0.035249,0.250731000000097,0.0262995,0.194275700000047,0.068919,0.424525800000264
0.049533700000007,0.584369699999984,0.0295334,0.059770500000006,0.265549600000127,0.0112431
0.055031300000005,0.250213800000098,0.091773799999995,0.414474400000247,0.058446700000006,0.130059999999993
0.078966800000004,0.264469700000102,0.088323599999999,0.290270300000124,0.0058523,0.272117300000124
0.057905400000009,0.381334400000224,0.009049199999999,0.163154600000025,0.187009200000044,0.201547200000059
0.0128167,0.401867900000249,0.068858400000007,0.117347899999985,0.254205500000113,0.144903600000005
0.008667,0.200282100000052,0.105126899999994,0.091019900000001,0.239037900000093,0.355866200000203
0.0061101,0.169819700000022,7.08000000000007E-05,0.093299299999998,0.060707400000008,0.66999269999958
0.075148300000006,0.214063800000062,0.019501999999999,0.172145400000029,0.0323488,0.486791700000331
0.030911399999999,0.261935800000121,0.015020699999999,0.234012300000077,0.150061000000005,0.308058800000156
8.30000000000012E-05,0.366498200000212,0.070830800000005,0.165258300000011,0.075934300000005,0.32139540000017
0.049682000000004,0.306511200000153,0.087064900000001,0.280250700000118,0.110780099999991,0.165711100000028
0.0161683,0.351629800000192,0.06265650000001,0.174824600000025,0.310680600000164,0.084040200000005
0.0072549,0.377012100000224,0.043150200000005,0.11482029999999,0.310071400000139,0.1476911
0.029323899999999,0.252233500000104,0.040034600000002,0.140610900000002,0.158210000000018,0.379587100000228
0.042029200000001,0.340264000000186,0.0067645,0.153773800000012,0.188476800000047,0.268691700000114
0.030039699999999,0.285646500000138,0.0078059,0.142615200000003,0.155497600000011,0.378395100000237
0.0357326,0.214251000000077,0.116306199999987,0.181188200000033,0.157698700000019,0.294823300000143
0.056813900000006,0.386148900000221,0.015127,0.134603699999998,0.144893100000011,0.26241340000011
0.0351797,0.383392400000218,0.024590399999999,0.2521159000001,0.091925199999996,0.212796400000066
0.014932,0.142076700000004,0.0030615,0.112248599999997,0.126295199999989,0.601385999999899
0.010847,0.145825500000007,0.088298499999998,0.129143599999988,0.260831600000116,0.365053800000215
0.016521,0.30519550000015,0.110263399999992,0.221077000000075,0.039936000000001,0.30700710000016
0.049463100000004,0.327429600000176,0.012328399999999,0.239205100000083,0.124876899999984,0.246696900000102
0.0026623,0.426421800000257,0.053119800000006,0.146226600000006,0.118475799999993,0.253093700000115
0.077750400000006,0.15956130000002,0.096364199999996,0.221377800000083,0.094430599999996,0.350515700000208
0.043137200000003,0.267361500000111,0.051211900000003,0.113743999999992,0.121264899999989,0.40328050000025
0.034495700000001,0.392905200000235,0.0348203,0.144087500000003,0.117773899999987,0.275917400000125
0.054001900000005,0.355722200000195,0.165044600000027,0.228650600000067,0.037586500000001,0.15899420000003
0.0060709,0.40330490000025,0.147600600000011,0.226168500000077,0.065572300000007,0.151282800000007
0.0044535,0.415107300000263,0.008793,0.310119100000139,0.088238099999999,0.17328900000003
0.046030400000005,0.349302700000209,0.14831990000001,0.250989100000089,0.109397999999994,0.095959899999996
0.012514399999999,0.367649300000203,0.0001268,0.107975699999998,0.086699200000003,0.425034600000262
0.0225797,0.40803500000026,0.058793900000004,0.212795000000062,0.0044185,0.293377900000144
0.023623899999999,0.507891000000321,0.0137516,0.186628600000035,0.057629300000006,0.210475600000068
7.80000000000011E-05,0.415938300000267,8.25000000000012E-05,0.119569099999989,0.055772300000005,0.408559800000257
0.0084462,0.390134500000219,0.0002462,0.230885000000078,0.018987,0.351301100000199
0.012635199999999,0.286657800000135,0.254539800000106,0.207374000000064,0.052273800000001,0.186519400000042
0.0170211,0.316509300000157,0.040208600000003,0.183958100000029,0.111315499999993,0.330987400000179
0.0002096,0.415935900000259,0.0004374,0.159207900000016,0.303207000000157,0.121002199999994
0.043264400000003,0.217557200000063,0.035270400000002,0.229794200000074,0.126669799999987,0.347444000000189
0.0006151,0.373971200000222,0.043594500000003,0.234812600000078,0.209354300000062,0.137652299999993
0.0004813,0.232071500000081,0.017066799999999,0.097011499999996,0.164804500000025,0.488564400000332
0.049668400000006,0.416660400000254,0.0143269,0.154187800000018,0.044286400000003,0.320870100000172
0.043139200000004,0.334577900000177,0.062104200000009,0.137695599999988,0.021879399999999,0.400603700000246
0.06679680000001,0.225390700000081,8.01000000000011E-05,0.112176399999991,0.220527400000074,0.375028600000222
0.0053707,0.307589700000163,0.0001231,0.077718200000001,0.154210600000014,0.454987700000305
0.015910399999999,0.305740200000154,0.052472900000004,0.154931400000003,0.056613300000006,0.414331800000264
0.0240557,0.353368000000188,0.0101729,0.242991800000101,7.21000000000009E-05,0.369339500000222
0.023437999999999,0.391361200000239,0.042599300000004,0.257256000000111,0.135508599999995,0.149836900000009
0.0066778,0.391601300000231,0.052334400000006,0.230299700000073,0.071554300000008,0.247532500000103
0.023303099999999,0.442598300000286,0.0076399,0.086989200000004,0.168215900000027,0.271253600000117
0.048954200000005,0.231434200000074,0.065796500000007,0.192844900000037,0.049909400000004,0.41106080000026
0.18303410000004,0.389253700000231,0.05789090000001,0.135690200000002,0.052051300000007,0.182079800000032
0.0299484,0.502830000000322,0.036884100000004,0.19326640000005,0.057870400000004,0.179200700000039
0.061877500000008,0.274177800000123,0.053417200000005,0.229763900000084,0.142949900000016,0.237813700000091
0.023443999999999,0.281732200000122,0.0279911,0.231813100000082,0.175725600000046,0.259294000000113
0.000108,0.480520400000318,0.17995460000004,0.160492000000012,0.075668100000004,0.103256899999998
0.091605000000001,0.356945800000204,0.037512400000002,0.196079200000045,0.090310200000005,0.227547400000083
0.029307499999999,0.299898100000141,0.070698100000006,0.276570800000114,0.123598599999987,0.199926900000055
0.027711399999999,0.535564000000179,0.116201499999989,0.140368800000006,0.055737600000006,0.124416699999992
0.067633800000006,0.303936600000155,0.045730700000003,0.351503800000193,0.0108525,0.220342600000072
0.0149414,0.277109200000123,0.071724300000002,0.166037200000018,0.240179000000032,0.230008900000077
0.078026500000004,0.342117800000193,0.119411399999991,0.180568500000034,0.023617499999999,0.256258300000106
0.059233300000006,0.282349200000126,0.0923173,0.213773000000068,0.022562399999999,0.329764800000189
0.0024847,0.318756900000163,0.202510200000009,0.221387000000062,0.218909000000071,0.0359522
0.030958699999999,0.274647000000111,0.121267799999989,0.369970300000202,0.077481400000006,0.125674799999985
0.015468399999999,0.500845600000331,0.091669899999999,0.132432399999993,0.043721200000003,0.215862500000074
0.020483299999999,0.452651900000297,0.280045700000122,0.157206900000014,0.0201626,0.069449600000007
0.030377299999999,0.44169260000029,0.163951000000016,0.338283400000172,0.0001911,0.025504599999999
0.108777999999996,0.244286800000096,0.037446700000003,0.095754300000002,0.112716699999991,0.401017500000256
0.066442600000008,0.621119599999815,0.136347499999991,0.075432300000003,0.027680399999999,0.072977600000007
0.0205073,0.252852500000097,0.163934600000017,0.112386999999995,0.26522420000012,0.185094400000041
0.0120822,0.238523100000086,0.0069268,0.278437000000122,0.229443800000085,0.234587100000089
0.109979699999997,0.330761800000186,0.0001016,0.177648800000027,0.042037900000001,0.339470200000177
0.0146004,0.430118300000272,0.170134900000029,0.178452400000038,0.008788599999999,0.197905400000049
0.0033214,0.364446500000204,0.016369899999999,0.155990400000007,0.167679600000028,0.292192200000141
0.073414500000006,0.286668800000125,0.034127400000001,0.156402700000021,0.118843999999988,0.330542600000183
0.074856900000006,0.337404600000176,0.047277900000004,0.17219110000002,0.029618399999999,0.338651100000175
0.054860800000005,0.41346480000025,0.0001058,0.261247900000103,0.0956956,0.17462510000003
0.0025404,0.20505760000005,0.063877000000003,0.458655500000296,0.118157699999987,0.151711800000006
0.077869000000004,0.294057200000139,0.108623699999992,0.203863900000054,0.249326100000113,0.066260100000008
0.015602999999999,0.21948690000007,0.107984999999996,0.235987500000089,0.19742630000002,0.223511300000072
0.0001888,0.392132600000236,0.0006327,0.058592300000004,0.323196500000177,0.225257100000085
0.058203900000008,0.155267300000021,0.06269680000001,0.225098500000072,0.191685000000049,0.307048500000158
0.051078300000005,0.226617700000076,0.115826099999987,0.123415799999988,0.354765600000217,0.128296499999984
0.091342300000002,0.424480300000263,0.051574600000004,0.178377500000036,0.154119600000007,0.100105699999999
0.044417500000007,0.472312200000315,0.137291399999994,0.17206920000003,0.075542900000006,0.098366800000003
0.0136388,0.49323710000033,0.141716599999997,0.152817200000002,0.070278000000009,0.12831229999999
7.98000000000011E-05,0.505652900000311,0.033017,0.197606700000059,0.015269899999999,0.248373700000106
0.046338100000003,0.473549900000308,0.0051543,0.330435300000184,0.0074198,0.137102599999997
0.053937100000006,0.266768600000124,0.062530700000008,0.354531300000192,0.0357017,0.226530600000072
0.007498,0.230068700000083,0.046093100000004,0.229780100000077,0.180370400000044,0.306189700000167
0.051260300000005,0.452952000000296,0.0029597,0.159076200000008,0.112335500000006,0.221416300000081
6.17000000000007E-05,0.378853000000215,0.0001537,0.201241400000056,0.085025600000002,0.334664600000184
0.059213000000008,0.1113745,0.110728699999992,0.235437900000088,0.3536221000002,0.12962379999999
0.0036748,0.351015600000193,0.023520299999999,0.178769900000031,0.110985199999993,0.332034200000175
0.0326736,0.235502900000081,0.027101099999999,0.245000800000093,0.267019400000114,0.192702200000054
0.079620000000001,0.403329100000253,0.188980300000046,0.100646299999997,0.046574100000006,0.180850200000036
0.0027484,0.330305600000175,0.0242935,0.21428240000006,0.073030100000005,0.355340000000198
0.032427899999999,0.34133750000018,0.024390099999999,0.209211800000058,0.097694399999996,0.294938300000142
0.026758399999999,0.505258800000318,0.0003219,0.094883400000002,0.167741500000027,0.205036000000066
0.026904,0.306403600000144,0.0007861,0.30780470000015,0.111445399999988,0.246656200000097
0.070383300000007,0.144103800000006,0.329293100000179,0.246354000000088,0.046352200000005,0.163513600000023
0.018758399999999,0.499558100000343,0.0062178,0.125054799999984,0.099143599999994,0.2512673000001
0.015660599999999,0.423954700000268,0.0010149,0.111036099999996,0.082305599999999,0.366028100000221
0.0220835,0.365408200000203,0.026680199999999,0.154714500000016,0.0168551,0.41425850000026
0.022466199999999,0.302909100000153,0.258608200000103,0.14780470000001,0.195182000000012,0.07302980000001
0.051552600000005,0.309132400000154,0.0035907,0.117741799999989,0.151406100000013,0.366576400000216
0.0039486,0.616805799999861,4.54000000000003E-05,0.199453100000051,0.032400799999999,0.147346300000012
0.039919100000001,0.198951600000049,0.126283899999986,0.14890910000001,0.043212300000004,0.442724000000291
0.0320956,0.45241690000029,0.022401799999999,0.317050700000164,0.0177924,0.158242600000017
0.0123719,0.342244400000177,0.088063599999997,0.207903200000066,0.053726000000007,0.295690900000155
0.0013757,0.510683700000296,0.041974400000003,0.140264699999996,0.0970147,0.208686800000065
0.013650599999999,0.389199100000242,0.0001258,0.267932500000106,0.106669599999991,0.222422400000079
0.0064061,0.373519100000216,0.042241300000001,0.160042500000018,0.150433600000003,0.26735740000012
0.027341699999999,0.283342000000138,0.051182100000005,0.223094100000073,0.186759600000025,0.22828050000008
0.071441400000005,0.377567600000209,0.0002907,0.225591300000065,0.141383999999999,0.183725000000042
0.0226088,0.279156200000113,0.0921438,0.223278400000067,0.307194300000164,0.075618500000006
0.028712199999999,0.332124700000178,0.0001504,0.265731500000106,0.082569100000002,0.290712100000139
0.019233,0.328369800000171,0.096515199999997,0.320127400000168,0.014202999999999,0.221551600000084
0.045885000000003,0.346858700000192,0.034628399999999,0.212235600000048,0.073998200000006,0.286394100000136
0.025055499999999,0.418486800000264,0.015923199999999,0.199286600000056,0.15595480000001,0.185293100000026
0.030485899999999,0.388385200000235,0.037547600000001,0.226678200000077,0.215617900000067,0.1012852
9.22000000000014E-05,0.251992800000093,0.0277454,0.395819100000235,0.120046099999999,0.204304400000065
0.008912299999999,0.337006200000188,0.0036441,0.190041400000044,0.262771200000066,0.197624800000056
0.046934800000004,0.333063700000179,0.031643799999999,0.093915600000001,0.083002800000004,0.41143930000026
0.035586299999999,0.33788970000018,0.1411701,0.100928500000001,0.237978600000098,0.146446799999999
0.0192723,0.328738200000171,0.183019300000039,0.097280299999998,0.0007188,0.370971100000215
0.028985599999999,0.266215300000117,0.0001243,0.0891277,0.0061145,0.609432599999908
0.018222199999999,0.2555518000001,0.146432200000005,0.241863100000097,0.097830799999998,0.240099900000095
0.025374199999999,0.240546100000085,0.131613899999991,0.142196600000005,0.238986500000066,0.221282700000075
0.0077764,0.261384100000106,0.0002485,0.260778400000106,0.0138915,0.4559211000003
0.072955900000007,0.34903280000019,0.024560499999999,0.201687200000061,0.040667300000003,0.311096300000165
0.0093776,0.417780200000272,0.0125174,0.116655299999988,0.260313900000112,0.183355600000038
0.042250200000002,0.344326700000186,0.078971300000007,0.144705699999998,0.0054822,0.384263900000232
0.039380300000001,0.487399700000338,0.067096400000008,0.241111900000085,0.0007496,0.164262100000028
0.0118549,0.264928300000109,0.036685800000001,0.211676600000068,0.266331200000113,0.208523200000074
0.0167183,0.30288040000014,0.018272799999999,0.268984300000103,0.180450100000035,0.212694100000079
0.027872799999999,0.421196300000251,0.085193800000001,0.166882200000031,0.025836799999999,0.273018100000133
0.032199600000001,0.288022200000137,0.1440921,0.29088840000013,0.0180427,0.226755000000081
0.113421099999996,0.445476700000286,0.052724600000006,0.138526499999992,0.040460600000002,0.209390500000073
0.0126429,0.355542500000194,0.0078361,0.167740800000028,0.041085100000003,0.415152600000264
0.0097381,0.411120700000234,0.044632300000003,0.247395100000094,0.039259300000001,0.247854500000106
0.0001229,0.365499300000207,0.051127000000003,0.254079200000112,0.231091900000044,0.098079699999999
0.0046968,0.200463400000056,0.085891699999999,0.123280299999989,0.152335000000013,0.433332800000281
0.0370562,0.389267000000235,0.0123951,0.192482600000053,0.173981900000034,0.194817200000054
0.061964500000005,0.303059100000153,0.196044300000053,0.12151139999999,0.087890700000002,0.229530000000078
0.138379899999997,0.243494600000093,0.057579700000007,0.240086500000094,0.122368099999988,0.198091200000052
0.088648899999998,0.287981900000138,0.0020804,0.325050700000166,0.11817359999999,0.178064500000037
0.0122041,0.44802740000029,0.06217320000001,0.191092100000042,0.069758500000007,0.216744700000068
0.0338812,0.294889200000131,0.095137399999995,0.32117050000017,0.028908999999999,0.226012700000084
5.29000000000004E-05,0.364458400000199,0.096084000000001,0.150202900000009,0.196420100000044,0.192781700000052
0.050672700000003,0.410569800000249,0.110966499999993,0.298453500000144,0.046332700000004,0.083004800000007
0.020727499999999,0.233747000000081,0.0189885,0.115462899999993,0.026314900000001,0.584759199999969
0.021342899999999,0.488389700000323,0.0085234,0.193509500000049,0.105070899999995,0.183163600000033
0.022858899999999,0.381576900000236,0.036757900000001,0.12050069999999,0.118856999999981,0.319448600000164
0.029305099999999,0.349536300000201,0.018803,0.236322400000089,0.043462700000003,0.322570500000179
0.047107600000004,0.143428000000006,0.0064627,0.187528900000039,0.232360900000081,0.383111900000243
0.063848600000008,0.417144500000255,0.023947899999999,0.104886199999994,7.5500000000001E-05,0.390097300000246
0.055685300000008,0.40647720000024,0.026350199999999,0.231781800000082,0.0042433,0.275462200000142
0.003287,0.461106800000299,0.019131499999999,0.182222400000041,0.211070800000075,0.123181499999995
0.062899500000008,0.427239000000258,0.0179115,0.163225000000017,0.193403700000059,0.135321300000007
0.042867700000005,0.331506700000177,0.0040644,0.190351800000031,0.090448800000005,0.340760600000179
0.025665599999999,0.209758800000062,0.0001174,0.084897900000002,0.117746499999989,0.561813800000093
0.009004,0.379934400000239,0.096630800000002,0.20838670000006,0.11863879999999,0.18740530000005
0.082558500000002,0.312248100000154,0.015470399999999,0.149838600000008,0.207218800000054,0.23266560000008
0.021452699999999,0.28102960000013,0.0140087,0.161836500000019,0.271439500000124,0.250233000000108
5.12000000000002E-05,0.546677000000138,0.109392399999999,0.148389600000005,0.010017599999999,0.185472200000043
0.064577900000008,0.416776200000255,0.0022471,0.190574600000038,0.157586700000001,0.168237500000028
0.026295199999999,0.243122400000087,0.0104887,0.18958960000004,0.214986200000069,0.315517900000159
0.0113651,0.365615300000202,0.003418,0.136421899999998,0.125918399999988,0.357261300000205
0.044333300000005,0.337493100000177,0.0012202,0.132223899999992,0.146751800000007,0.337977700000187
0.027612799999999,0.305045700000154,0.0142049,0.272642700000113,0.045604400000003,0.33488950000018
0.053500800000003,0.246138300000094,0.134906200000002,0.290390200000132,0.122301199999991,0.152763300000008
0.018146499999999,0.449474400000287,0.068905600000008,0.255973400000098,0.0218341,0.185666000000042
0.0370464,0.242312400000095,0.022558699999999,0.169178500000022,0.193965800000045,0.334938200000184
0.0001486,0.385384300000231,0.080296400000003,0.104470799999996,0.094029399999999,0.335670500000195
0.031026099999999,0.271029500000111,0.0299659,0.158869800000011,0.028584799999999,0.480523900000331
0.0001161,0.547736400000163,0.021115,0.141136100000007,0.071842500000006,0.21805390000007
0.029763599999999,0.456277400000302,0.109267799999994,0.271477100000113,0.0119228,0.121291299999992
0.0002404,0.30490270000015,0.063798600000007,0.245401200000091,0.054204700000006,0.33145240000019
0.031931399999999,0.415778900000262,0.028975799999999,0.196156700000043,0.028319499999999,0.298837700000147
0.0048632,0.233064400000086,0.0002595,0.194199500000054,0.124208899999983,0.443404500000287
0.051299700000003,0.250371600000102,0.045042500000003,0.222576900000074,0.137231899999996,0.293477400000147
0.036282200000001,0.122741699999997,9.33000000000014E-05,0.412065600000252,0.043256100000002,0.38556110000024
0.047406900000004,0.345350300000191,0.075181800000004,0.263249300000104,0.066215200000009,0.202596500000062
0.053847500000006,0.31213030000015,0.124176999999992,0.17463690000003,0.100580899999997,0.23462740000009
0.065450100000009,0.17783370000004,0.086599999999998,0.110699499999998,0.341558300000197,0.217858400000073
0.038551000000003,0.457619900000287,0.017999699999999,0.224193500000079,0.068670900000007,0.192965000000045
0.044904600000002,0.393239400000233,0.0193305,0.230525500000084,0.037278,0.274722000000127
0.058552700000007,0.272573100000125,0.278397500000121,0.24448450000009,0.084343800000003,0.061648400000007
0.0080982,0.28400030000013,0.0300593,0.165762100000021,0.0014607,0.510619400000282
0.062956700000008,0.41956490000025,0.102901800000003,0.135019099999997,0.098989400000003,0.180568100000043
0.020128399999999,0.481145200000325,0.0073355,0.160670900000021,0.183733400000034,0.146986599999999
0.035298900000003,0.489658100000327,0.0002582,0.159238700000019,0.035002,0.280544100000132
0.026413999999999,0.302476000000144,0.080394800000004,0.287780700000122,0.111136999999994,0.191797500000046
0.0331644,0.185040700000042,0.073887200000003,0.303369600000134,0.21030330000006,0.194234800000053
0.021754699999999,0.192005200000052,0.0001137,0.183975900000037,0.218633700000074,0.383516800000227
0.0021554,0.500505300000332,0.090925300000002,0.161397400000014,0.046316700000005,0.198699900000067
0.057857200000006,0.26191960000011,0.253101900000085,0.147088500000012,0.1544778,0.12555499999999
0.060194500000007,0.320178500000156,0.073218000000009,0.16601690000002,0.078036400000002,0.302355700000145
0.0353142,0.419296700000263,0.0758529,0.117398199999993,0.111735299999991,0.240402700000102
0.090464200000001,0.32870920000018,0.0075064,0.152887500000013,0.149259400000008,0.27117330000012
