C,D,Int,PoP,L,Dec
0.022258,0.327427800000174,0.029599399999999,0.031960900000003,0.278776600000118,0.309977300000155
0.159792800000017,0.344913300000182,0.050803400000003,0.097890799999996,0.206134700000058,0.140465000000004
0.117811400000003,0.38900510000024,0.0018347,0.055666200000007,0.24027540000009,0.195407200000047
0.028857099999999,0.510373300000287,0.040003900000003,0.058276300000007,0.20018350000004,0.162305900000021
0.032936800000001,0.521909100000245,0.060539300000007,0.110654299999993,0.115896099999996,0.158064400000018
0.046842500000003,0.224650300000073,0.066477400000008,0.073686800000005,0.201974500000047,0.386368500000234
0.092719200000007,0.435093800000274,0.025525399999999,0.133790499999997,0.149759400000009,0.163111700000024
0.071369300000001,0.557205200000104,0.045365300000001,0.0023349,0.219228400000067,0.104496900000003
0.087119800000008,0.319926600000168,0.0025563,0.098532599999999,0.222948800000059,0.268915900000127
0.042775800000002,0.43283450000028,3.81000000000001E-05,0.018585299999999,0.322245700000165,0.183520600000045
0.094319700000001,0.313220800000168,0.054746300000004,0.0001325,0.173670200000033,0.363910500000213
0.181745600000066,0.221292500000059,0.0168297,0.028729399999999,0.183424500000027,0.367978300000223
0.057521400000003,0.491658600000321,0.005133,0.109845699999993,0.160985000000014,0.174856300000032
0.060789600000007,0.356563900000213,0.044779600000003,0.097163199999997,0.124819599999989,0.31588410000016
0.0219009,0.421654100000256,0.073692600000004,0.056664600000004,0.17016250000003,0.255925300000105
0.0176006,0.355888600000204,0.056142400000005,0.0001145,0.118871199999992,0.451382700000304
0.136501799999993,0.353761300000201,0.049491900000004,0.044803200000004,0.223599200000079,0.191842600000057
0.076650200000002,0.417012700000255,9.02000000000013E-05,0.014868,0.209766300000066,0.281612600000134
0.107044300000005,0.407744500000246,0.061020000000008,0.068883100000006,0.195718200000047,0.15958990000003
0.251260800000039,0.234940700000072,0.011054400000003,0.078147700000006,0.148009300000006,0.276587100000137
0.067868100000008,0.514276800000283,0.104407899999997,0.134339799999993,0.178950300000038,0.0001571
0.0187143,0.475575200000315,0.0001367,0.0168685,0.114334899999996,0.374370400000223
0.053859700000006,0.405534200000242,0.022847899999999,0.051410800000006,0.167685700000023,0.298661700000145
0.165464100000003,0.320762000000171,0.0135508,0.137191999999995,0.17929960000003,0.183731500000035
0.126014400000002,0.384365200000232,0.017473899999999,0.046496200000003,0.251649700000098,0.174000600000032
0.165083800000018,0.3587313000002,0.0018251,0.024082899999999,0.194899600000053,0.255377300000106
0.037785400000001,0.23651810000009,0.0039983,0.0380491,0.130825699999991,0.552823400000141
0.184363100000039,0.412758200000246,0.0188181,0.017721799999999,0.19845820000005,0.167880600000026
0.214186400000028,0.250125700000093,0.073873000000019,0.021832599999999,0.201731300000059,0.238251000000086
0.058098200000004,0.333124300000183,0.026981199999999,0.235968300000096,0.28255440000012,0.063273600000009
0.017814699999999,0.486443500000323,0.0013264,0.054776300000007,0.240788100000089,0.19885100000007
0.149024800000008,0.109418399999994,0.013514900000003,0.06392850000001,0.162879300000018,0.501234100000343
0.054923600000002,0.482184700000311,0.0175933,0.058089700000008,0.238629900000081,0.148578800000002
0.010869299999999,0.301010900000158,0.053336000000005,0.163175800000014,0.419594100000246,0.052013900000007
0.029504399999999,0.450827000000287,0.051613400000004,0.097944099999997,0.235847800000086,0.134263300000004
0.044085299999999,0.481429500000322,0.079331400000009,0.062734800000009,0.177711200000028,0.154707800000018
0.0350043,0.463182800000306,0.022430599999999,0.072650100000006,0.205691500000059,0.201040700000062
0.021573799999999,0.298847100000138,0.066503400000009,0.103369299999995,0.354436900000186,0.15526950000002
0.065113199999997,0.508596700000307,0.079975600000012,0.051223700000005,0.175132000000026,0.119958799999984
0.17058060000004,0.373602200000203,0.044239100000002,0.146364500000004,0.150357400000004,0.114856199999997
0.025093399999999,0.491819600000329,0.020323399999999,0.120428399999991,0.142760900000004,0.199574300000061
0.057250700000001,0.414201700000244,0.0026503,0.150877400000009,0.258944800000095,0.116075099999992
0.077548900000004,0.37319130000022,0.0020507,0.068519900000009,0.126042299999984,0.352646900000202
0.113371299999988,0.447298000000272,0.048810600000005,0.025500799999999,0.180119000000043,0.184900300000055
0.094525199999995,0.416028900000251,0.0088859,0.0368348,0.205150300000063,0.238574900000093
0.032858400000003,0.30075620000014,0.051362200000005,0.052191300000005,0.263366800000109,0.299465100000155
5.74000000000006E-05,0.36649200000022,0.092128299999997,0.044782600000002,0.197331700000044,0.299208000000145
0.107917400000016,0.452486000000287,0.0022976,0.000104,0.272672200000114,0.164522800000026
0.068029200000007,0.408896100000233,0.0060628,0.137654999999994,0.264579300000108,0.114777600000004
0.196051200000031,0.314010800000163,0.016207900000003,0.275535800000129,0.187925900000047,0.0102684
0.140048900000023,0.383403500000223,0.0040108,0.063635800000008,0.231339800000084,0.177561200000036
0.052750700000003,0.328054400000169,0.030838599999999,0.144123000000001,0.197002700000056,0.247230600000111
0.157260400000023,0.350656500000189,0.0375724,0.040439900000002,0.254936300000102,0.159134500000023
0.108158400000017,0.314997100000156,0.029878499999999,0.073334800000006,0.2649444000001,0.208686800000058
0.0101121,0.290274200000132,0.067712500000009,0.0065605,0.372294000000211,0.253046700000098
0.054053900000006,0.304300800000151,0.0007499,0.155507000000017,0.309226100000151,0.176162300000037
0.0110302,0.494764800000323,0.009982,0.187745400000046,0.178739800000042,0.117737799999992
0.169900900000036,0.234420200000102,0.016853300000001,0.021779599999999,0.194738600000052,0.362307400000216
0.090230299999998,0.46685270000031,0.067334900000007,0.087903100000003,0.183557400000035,0.104121599999999
0.084762800000017,0.55885860000007,0.044222100000002,0.033458199999999,0.106206499999993,0.172491800000036
0.009940599999999,0.217415300000075,0.072563100000005,0.186752700000035,0.241633000000076,0.271695300000127
0.069229800000001,0.624022099999867,0.025511499999999,0.020304499999999,0.140020600000001,0.1209115
0.113074500000011,0.436772400000263,0.0100571,9.70000000000015E-05,0.167001600000023,0.272997400000119
0.125718900000026,0.485124400000323,0.045226600000003,0.056925300000007,0.21483300000007,0.072171800000006
0.081415700000006,0.236192500000091,0.0030441,0.072148100000007,0.361852500000203,0.24534710000011
0.162388900000014,0.31761610000017,0.0146139,0.049298700000004,0.119035799999993,0.337046600000182
0.053812900000008,0.56291820000009,0.0016349,0.070265600000006,0.23437010000008,0.076998300000008
0.134561400000028,0.376318400000218,0.033225200000001,0.025985099999999,0.243457500000085,0.186452400000049
0.125571499999993,0.456799700000295,0.009391899999999,0.081856600000006,0.264355600000098,0.062024700000008
0.136783999999997,0.372509400000219,0.091945600000006,0.022178699999999,0.092478099999994,0.284104200000135
0.040372700000003,0.34347740000019,5.56000000000005E-05,0.047318700000003,0.293331900000133,0.275443700000129
0.076649300000007,0.421732900000248,0.0123739,0.027540899999999,0.359837900000183,0.101865099999994
0.117716500000016,0.410877400000256,0.003511,0.062012700000007,0.219747500000072,0.186134900000044
0.090139200000012,0.468356300000295,0.046120000000004,0.0017162,0.224741900000079,0.168926400000028
0.127594400000018,0.346245500000198,0.036243900000001,0.043957700000004,0.204510000000056,0.241448500000099
0.176641000000026,0.368491000000222,0.0003752,0.018018099999999,0.168965100000028,0.267509600000104
0.069591399999997,0.354568400000195,0.0255764,0.0244086,0.227080000000076,0.298775200000148
0.038823700000002,0.435386400000266,0.049184300000003,0.080478500000005,0.18936780000004,0.206759300000064
0.042678300000002,0.236434900000093,0.0212313,0.064101600000011,0.38161790000021,0.253936000000113
0.044876300000004,0.419130400000258,0.028557599999999,0.106206899999998,0.262012300000102,0.139216499999995
0.054191300000006,0.231877900000087,0.032020800000001,0.210003600000066,0.189942300000035,0.281964100000138
0.106485599999994,0.328103200000166,0.0070997,0.042730900000003,0.242661200000086,0.27291940000012
0.143826599999998,0.3598967000002,0.0002458,0.0020521,0.163793800000026,0.330185000000178
0.054060799999997,0.30973570000015,0.0140152,0.216371200000079,0.161312200000015,0.2445049000001
0.066974000000006,0.304895500000151,0.0113704,0.137811599999995,0.253071200000101,0.225877300000072
0.0226755,0.475609900000321,0.092184299999995,0.063262900000006,0.242405300000084,0.103862099999993
0.094729099999999,0.336225200000189,0.023455899999999,0.090570999999999,0.267300300000114,0.187718500000051
0.12656110000001,0.405225800000261,0.057699000000008,5.93000000000006E-05,0.164255400000019,0.246199400000099
0.0150928,0.268094100000115,0.070158900000006,0.20331300000006,0.394256200000219,0.049085000000002
0.000129,0.429327400000271,0.046460200000003,0.260103000000109,0.099747699999997,0.164232700000026
0.216862700000087,0.301019100000143,0.0132629,0.126467699999986,0.16259660000003,0.179791000000038
0.0066597,0.378960700000222,0.054306600000005,0.107236199999993,0.280973700000131,0.171863100000026
0.073513000000004,0.227584500000081,0.022868099999999,0.171784000000021,0.234656600000073,0.269593800000128
0.17912250000004,0.389777300000242,0.0028324,0.0036491,0.258083700000105,0.166535000000023
0.0371525,0.340441300000191,0.016592099999999,0.038468600000001,0.074640700000004,0.492704800000342
0.029034199999999,0.615882299999852,0.0048061,0.0011663,0.15666010000002,0.192451000000053
0.091122800000005,0.374512600000204,0.064278600000007,0.044009500000002,0.258299700000102,0.167776800000025
0.046963400000006,0.234874700000092,0.0074629,0.273194700000121,0.264036200000102,0.173468100000032
0.066807800000005,0.490228200000333,0.0209732,0.055508500000006,0.233242100000082,0.133240199999994
0.058849899999998,0.362549600000199,0.021609199999999,0.043550300000003,0.297140100000141,0.216300900000067
0.183247400000012,0.427538500000263,0.001475,0.079387300000003,0.196830200000047,0.111521599999999
0.018494,0.393797100000225,0.031386500000001,0.0786974,0.139082700000002,0.338542300000197
0.089624300000001,0.310416400000162,0.0092741,0.098656999999994,0.278870100000122,0.213158100000068
0.0068079,0.149188900000006,0.047811000000003,0.076100400000004,0.199063200000058,0.521028600000257
0.023811599999999,0.429732000000265,0.056858900000007,0.048864800000004,0.299492400000146,0.141240299999999
0.016703499999999,0.310365900000145,0.0222189,0.092401999999999,0.207286800000056,0.351022900000201
0.075975199999998,0.602591399999934,0.0006425,0.051261100000006,0.211562900000055,0.057966900000009
0.042563900000004,0.51631080000028,0.036819500000001,0.113505199999995,0.247887900000092,0.042912700000001
0.116072500000005,0.40523760000024,0.0216822,0.198580000000052,0.136403399999996,0.122024299999987
0.087171500000008,0.51986070000025,0.019072499999999,0.095108199999999,0.151070700000007,0.127716399999987
0.145269199999992,0.2446415000001,0.017619699999999,9.39000000000014E-05,0.319504000000147,0.272871700000125
0.16355900000003,0.239606300000092,0.0298402,0.0088828,0.301578000000145,0.256533700000102
0.093132600000016,0.453904400000306,0.051527000000005,0.084362799999999,0.174815100000034,0.142258100000007
0.075826300000011,0.456258500000293,0.0042773,0.052695600000007,0.233977800000078,0.176964500000038
0.070872800000005,0.627103499999864,0.0145725,0.036130200000001,0.151807100000012,0.099513900000002
0.174292000000003,0.252489700000105,0.063018400000012,0.063871000000008,0.240030900000094,0.206298000000056
0.0919603,0.428118100000272,0.057218000000006,0.099634499999995,0.282877400000129,0.040191700000001
0.096893600000012,0.414444000000253,0.042554900000003,0.178855800000036,0.203949600000063,0.063302100000009
0.213669100000082,0.387657200000226,0.046968100000004,0.149311700000006,0.183380700000031,0.019013199999999
0.104902600000017,0.383159300000235,0.071525200000006,0.227084700000078,0.213224000000064,0.0001042
0.17590830000001,0.359213000000193,0.041551100000004,0.046073900000003,0.30472310000014,0.072530600000009
0.105081899999999,0.472983400000309,0.036838500000001,0.071701200000008,0.178857000000028,0.134538000000001
0.087276800000013,0.312021400000167,0.0016553,0.116009199999987,0.256718200000098,0.226319100000076
0.039528300000001,0.38217040000022,0.06618930000001,0.142382300000001,0.24469400000008,0.125035699999993
0.045680700000005,0.56304320000007,0.0169889,0.046942100000004,0.212936700000061,0.114408399999997
0.052665200000009,0.402839700000231,0.0320184,0.202875400000064,0.212410900000059,0.097190399999995
0.062681400000003,0.248352900000107,0.0008876,0.0127695,0.299058500000144,0.376250100000226
0.099125599999996,0.49827310000034,0.0009925,0.126670199999987,0.13320069999999,0.141737900000008
0.0384914,0.672927199999597,0.011031,0.027305799999999,0.184712600000034,0.065532000000006
0.066520900000001,0.461548500000293,0.085254200000005,0.115346699999995,0.209589700000059,0.061740000000007
0.025503,0.316609500000158,0.08745,0.022346699999999,0.247241100000101,0.30084970000016
0.050001,0.471373900000301,0.077659400000002,0.104582699999991,0.212121000000055,0.084262000000001
0.118330999999996,0.420551600000248,0.014980299999999,0.106523099999995,0.120800799999991,0.218813200000084
0.0267437,0.39491070000023,0.0051142,0.081255400000001,0.289504100000134,0.20247190000006
0.247640000000038,0.49286100000033,0.025555799999999,0.0001131,0.225777000000076,0.0080531
0.0105766,0.33349120000018,0.039809700000003,0.101570199999997,0.218772200000072,0.295780100000149
0.08313830000001,0.473196600000322,0.072165400000006,0.040174300000002,0.103989,0.227336400000091
0.039036000000004,0.41197890000025,0.041294000000002,0.046787200000003,0.247046700000086,0.213857200000065
0.082632200000009,0.424198800000263,0.0130055,0.128971299999989,0.268731800000109,0.082460400000002
0.220275400000077,0.332766500000176,0.038153800000001,0.071787300000006,0.170990800000032,0.166026200000025
0.061267500000008,0.384470500000228,0.030090599999999,0.048252200000004,0.24982600000009,0.22609320000007
0.071334599999998,0.369893100000212,0.044092700000002,0.118919899999986,0.162586200000025,0.233173500000079
0.106971400000019,0.454491300000293,0.0289048,0.024077499999999,0.199621100000057,0.185933900000048
0.074427200000007,0.248419800000107,0.000431,0.051503300000005,0.106821799999994,0.518396900000272
0.0089672,0.381825400000222,0.0001219,0.112252399999988,0.306519800000138,0.190313300000054
0.058364500000006,0.289012100000135,0.0149441,0.113777999999998,0.305652100000144,0.218249200000081
0.111245799999997,0.527042300000202,0.022995199999999,0.086717800000002,0.242108300000081,0.0098906
0.078521700000005,0.418607500000263,0.058365500000005,0.125422399999987,0.246746100000091,0.072336800000007
0.087051700000002,0.359634300000201,0.012278699999999,0.241834400000088,0.104572899999994,0.194628000000058
0.066806500000007,0.317684800000148,0.0817117,0.110315699999996,0.136320799999998,0.287160500000128
0.078781100000003,0.257574500000105,0.053788700000006,0.103985899999993,0.161346400000017,0.344523400000203
0.036608600000002,0.327490700000183,0.069536100000007,0.182674300000039,0.248796400000091,0.134893900000005
0.0059668,0.414897100000266,0.034857799999999,0.195215700000058,0.322652400000169,0.026410199999999
0.0523299,0.358376200000205,0.004181,0.031223099999999,0.16619030000002,0.387699500000237
0.081486400000001,0.295243700000136,0.027180099999999,0.018747,0.385587800000222,0.191755000000052
0.154118600000015,0.217510300000078,0.026843599999999,0.042185000000003,0.217708800000059,0.341633700000189
0.065327900000005,0.355476500000186,0.0044645,0.097113800000001,0.355375100000188,0.122242199999996
0.085504200000004,0.483949400000311,0.031634799999999,0.10993279999999,0.154003700000011,0.134975099999993
0.038968500000001,0.385235800000235,0.0082884,0.012115499999999,0.220846400000082,0.334545400000193
0.112976700000011,0.44726420000029,0.023297399999998,0.041107500000002,0.294533500000132,0.080820700000003
0.171429700000051,0.283763600000128,0.0024753,0.070135700000007,0.183377700000031,0.288818000000137
4.72000000000003E-05,0.227783800000084,0.030335999999999,0.141024499999997,0.275019300000114,0.325789200000183
0.059216399999999,0.330566600000172,0.054482700000007,0.161815700000018,0.160392200000018,0.233526400000089
0.069009300000008,0.353517800000193,0.0013601,0.0024325,0.238075200000089,0.335605100000193
0.113564099999995,0.397301000000235,0.0103542,0.089493500000002,0.228992400000081,0.16029480000002
0.106904500000019,0.512125100000291,0.0011651,0.14781680000001,0.117013599999992,0.114974899999991
0.037571200000002,0.557375100000081,0.0066031,0.040631300000002,0.20276600000005,0.155053300000009
0.014148,0.568182100000075,0.001952,0.086843500000002,0.22737020000007,0.101504199999998
0.182393400000077,0.328668600000164,0.0016302,0.076819500000005,0.153868800000016,0.256619500000108
0.162391000000036,0.222817800000061,0.013116999999999,0.030841399999999,0.239493500000077,0.331339300000186
0.128275300000024,0.376313200000227,0.0032237,0.046881000000005,0.124464799999992,0.320842000000178
0.039736599999999,0.214540100000059,0.064646500000011,0.119121299999991,0.408428100000231,0.153527400000001
0.170537800000023,0.370225000000202,0.0059949,0.066110400000008,0.205148600000069,0.18198330000004
0.076519100000006,0.443589800000278,0.025309099999999,0.050329500000005,0.195731300000044,0.208521200000071
0.061433100000004,0.324772400000165,0.030203699999999,0.072346800000006,0.273979600000111,0.237264400000099
0.0581675,0.260644900000121,0.127358799999984,0.063758600000009,0.24864840000009,0.241421800000105
0.0080715,0.440812100000275,0.0159152,0.0332805,0.248246100000095,0.2536746000001
0.024664299999999,0.549398800000133,0.068062400000007,5.82000000000006E-05,0.176219900000025,0.181596400000034
0.100679300000009,0.248605500000098,0.049021100000004,0.065492900000008,0.260198000000108,0.276003200000133
0.005813,0.356207300000199,0.0002415,0.039341200000001,0.150722200000006,0.447674800000299
0.055697500000006,0.333297400000172,0.056391800000005,0.116483499999987,0.241369600000089,0.196760200000044
0.043734400000001,0.359315400000199,0.0078498,0.067039100000007,0.204364800000053,0.31769650000016
0.083723400000004,0.582633499999979,0.0003444,0.065829400000008,0.156783300000023,0.110685999999996
0.139598299999998,0.387821100000213,0.0152805,0.126447199999986,0.250343200000091,0.080509700000003
0.122707400000012,0.337073400000195,0.022652699999999,0.028627599999999,0.241528300000086,0.247410600000105
0.014617799999999,0.397916000000229,0.0007858,0.0150707,0.224330500000064,0.347279200000194
0.101328599999993,0.438240700000283,0.0148656,0.0110954,0.266425900000122,0.16804380000003
0.145104700000023,0.265148600000113,0.0035505,0.21318340000007,0.18328180000004,0.189731000000051
0.151184700000014,0.416357000000257,0.0027654,0.01405,0.179671600000032,0.235971300000089
0.087932699999996,0.300271500000168,0.026380299999999,0.040941300000002,0.281477000000119,0.26299720000012
0.117477000000001,0.397496200000228,0.0058098,0.208797500000063,0.188929900000047,0.081489600000004
0.0044038,0.281754800000121,0.0049879,0.211390000000063,0.35352400000019,0.143939500000004
0.0323419,0.325031500000162,0.023318999999999,0.128850199999983,0.301199600000128,0.189257800000043
0.051989700000005,0.583226899999992,0.0086998,0.042016200000002,0.232440100000085,0.081627300000007
0.102628999999998,0.384072200000227,0.0003182,0.011615599999999,0.215385800000066,0.285979200000132
0.0140907,0.396403900000241,0.030642199999999,0.157467100000013,0.140745800000002,0.260650300000112
0.065995800000001,0.399469600000233,0.023199099999998,0.175635900000035,0.166273000000031,0.169426600000032
0.044584399999999,0.428960600000273,0.0260897,0.011114399999999,0.137513699999996,0.351737200000202
0.081694800000005,0.30890260000014,0.005723399999999,0.017991299999999,0.24461150000008,0.341076400000192
0.061663600000002,0.209037400000063,0.0004154,0.001012,0.209360800000064,0.518510800000283
0.130051700000019,0.291445300000151,0.124991899999989,0.075075900000007,0.327769500000174,0.050665700000003
0.023187000000001,0.501676600000338,0.054031100000005,0.166976300000018,0.17992730000003,0.074201700000007
0.123621399999984,0.38967870000023,0.063990300000008,0.0170131,0.152911100000012,0.252785400000103
0.098403499999995,0.322896100000152,0.0150556,0.064809400000009,0.192330200000045,0.306505200000156
0.068133800000004,0.232356400000074,0.045775200000004,0.044687400000002,0.178244400000037,0.430802800000278
0.103443600000013,0.307374900000148,0.0196082,0.084072700000003,0.262349800000108,0.223150800000091
0.064618300000008,0.299933700000145,0.0143843,0.147062200000006,0.225545400000069,0.248456100000107
0.116023600000002,0.346120900000185,0.026310199999999,0.0345338,0.159400600000021,0.317610900000172
0.196245200000043,0.323686200000166,0.045826700000003,0.0002047,0.221742500000064,0.212294700000074
0.0244115,0.48146700000032,0.028098099999999,0.042256500000004,0.214827600000078,0.208939300000072
0.038128300000001,0.246552800000104,0.029128599999999,0.124579799999987,0.340971000000191,0.220639500000076
0.052508499999999,0.3694467000002,0.029053699999999,0.107428199999991,0.227078500000073,0.214484400000069
0.027234,0.352838900000185,0.0130014,0.032938499999999,0.165206500000017,0.408780700000256
0.045048700000003,0.508473300000288,0.023542599999999,0.032350799999999,0.135454399999998,0.255130200000113
0.096127100000004,0.347133200000191,0.0019395,9.55000000000015E-05,0.278515900000122,0.276188800000128
0.065490099999999,0.422230700000261,0.038067500000003,0.024098199999999,0.171646500000022,0.278467000000129
0.112645599999996,0.371428500000211,0.031119199999998,0.059166500000007,0.218478200000067,0.207162000000066
0.244489900000055,0.418735300000255,0.025021799999997,0.0076895,0.156704600000011,0.147358900000003
0.077188899999997,0.243824500000082,0.019740699999999,0.069728700000008,0.506207900000311,0.083309300000005
0.050964600000001,0.2536837000001,0.0320394,0.055210900000005,0.220955700000075,0.387145700000228
0.0136488,0.337288900000182,0.0010314,0.0347133,0.256788300000103,0.356529300000196
0.052208000000006,0.501009300000335,0.0066401,0.099501499999998,0.230047500000072,0.110593599999991
0.194000700000024,0.271409200000116,0.024922899999999,0.036948200000001,0.208134200000055,0.264584800000117
0.100640200000017,0.424275900000263,0.004237,0.18275680000004,0.182793400000039,0.105296699999994
0.0248946,0.528741900000212,0.0013844,0.0037766,0.229777800000084,0.211424700000066
0.060962500000002,0.356184800000202,0.002186,0.065939200000009,0.353798900000201,0.160928600000026
0.066434700000003,0.484470200000323,0.026847899999999,0.073466000000006,0.277516500000125,0.071264700000009
0.023570699999999,0.59394249999995,0.013443999999999,0.0353571,0.173001200000022,0.160684500000026
0.141009100000001,0.312987400000155,8.55000000000012E-05,0.22622820000008,0.223378100000073,0.0963117
0.080179699999994,0.319327800000166,0.027094199999999,0.265502400000123,0.235402300000071,0.072493600000005
0.1074427,0.312882700000156,0.079608400000014,0.091013499999997,0.253729800000091,0.155322900000009
0.07327890000001,0.253785300000114,0.0142768,0.0228479,0.197762100000049,0.43804900000028
0.072483600000004,0.594800199999925,0.039380600000001,0.014100699999999,0.168245400000013,0.110989499999992
0.13308330000001,0.283930800000133,0.045911800000004,0.072219100000007,0.216933800000074,0.247921200000102
0.113422,0.20848130000007,0.058506800000006,0.078839000000005,0.218587200000059,0.322163700000167
0.13165360000002,0.265868000000116,0.019180700000001,0.114665699999988,0.234098700000083,0.234533300000096
0.019061699999999,0.413724600000258,0.0193383,0.137567800000001,0.275699900000117,0.134607699999997
0.076561100000003,0.112299199999995,0.0080921,0.189135400000039,0.302828700000156,0.311083500000169
0.0191135,0.419036600000241,0.030365699999999,0.091369399999998,0.314718700000159,0.125396099999997
0.103656100000011,0.480391500000317,0.021767399999997,0.0142452,0.18293120000004,0.197008600000059
0.012991399999999,0.554048700000164,0.0001594,0.189580900000045,0.204420900000049,0.038798700000002
0.0096928,0.498803400000347,0.0142515,0.052520200000005,0.200270800000045,0.224461300000077
0.034285400000002,0.440083100000286,0.0368152,0.067435500000009,0.199880500000059,0.221500300000075
0.0149072,0.386727600000231,8.92000000000013E-05,0.014041499999999,0.260143900000102,0.324090600000178
0.156717500000039,0.362652100000199,0.0171889,0.071111600000012,0.279006700000128,0.113323199999992
0.0291558,0.226684800000071,0.0148234,0.0355777,0.250067500000104,0.443690800000297
0.143894600000003,0.413037200000241,0.0056822,0.022463699999999,0.182027800000036,0.232894500000095
0.020564699999999,0.499513100000341,0.015703,0.043617700000003,0.264231300000102,0.156370200000019
0.076358300000004,0.37263640000021,0.054273400000006,7.4600000000001E-05,0.348892500000188,0.14776480000001
0.088270500000008,0.399632500000233,0.116914199999999,0.0140696,0.256611700000094,0.124501499999986
0.0176705,0.346367600000193,0.0001049,0.0017694,0.26953220000011,0.36455540000022
0.12979839999999,0.456136700000306,0.0145236,0.0036625,0.23921560000008,0.156663200000012
0.089230000000001,0.469963800000307,0.0094725,0.181856200000035,0.156745000000018,0.092732500000004
0.036994500000004,0.48702280000033,0.056184200000006,0.060711000000008,0.132227399999991,0.226860100000081
0.058080100000002,0.37758860000022,0.095311199999996,0.087986999999999,0.298804800000142,0.082228300000003
0.032976300000001,0.359537200000213,0.0139781,0.095076499999999,0.329060400000173,0.169371500000023
0.144631400000019,0.251282600000108,0.031021399999999,0.13131229999999,0.253694400000108,0.18805790000004
0.0216049,0.325336500000182,0.025836299999999,0.044119900000004,0.212720200000058,0.370382200000207
0.0325912,0.39682920000024,0.013418,0.091685800000002,0.180479900000032,0.284995900000142
0.102611299999997,0.381527300000235,8.78000000000013E-05,0.12416889999999,0.288919700000135,0.102684999999998
0.047551500000005,0.660839499999659,0.033885600000001,0.025827299999999,0.143636400000002,0.0882597
0.055983500000003,0.486187400000329,0.0137174,0.14671390000001,0.190971300000041,0.106426499999996
0.132947000000004,0.336783500000181,0.061996900000005,0.015584899999999,0.179181000000032,0.27350670000012
0.168182900000017,0.254112900000094,0.0123004,0.229029200000083,0.284882000000112,0.051492600000005
0.119978899999992,0.34949960000019,0.052420400000005,0.189524100000051,0.212605200000056,0.075971800000008
0.0169214,0.503295100000328,0.0155337,0.197325500000055,0.099445899999993,0.167478400000028
0.073723600000005,0.378225900000227,0.000747,0.188631300000042,0.160133600000027,0.198538600000059
0.069792700000004,0.47386080000031,0.0175056,0.096952799999998,0.228572700000077,0.113315399999991
0.201451000000044,0.225062500000073,0.021823599999999,0.059955500000008,0.121927699999993,0.369779700000226
0.017254,0.230051000000085,0.0093166,0.028656299999999,0.189440600000044,0.52528150000024
0.045840500000003,0.359590800000193,0.000155,0.043578100000002,0.119948399999988,0.430887200000288
0.092541900000018,0.416089100000259,0.0229709,0.032935099999999,0.192469700000037,0.242993300000097
0.06369680000001,0.325756100000168,0.0373657,0.0088123,0.161679500000026,0.402689600000259
0.194866700000053,0.421445000000263,0.0004423,0.050926000000005,0.207017300000053,0.125302699999988
0.045418600000004,0.170434900000022,0.0003986,0.175971700000034,0.31005440000015,0.297721800000145
0.045432300000005,0.315075500000164,0.0087714,0.140066799999999,0.293635500000154,0.197018500000054
0.197942000000038,0.411582900000255,0.056444400000009,0.115108799999989,0.090484000000005,0.128437899999991
0.149337000000015,0.277567700000137,0.0020122,0.057234500000006,0.362597000000188,0.151251600000014
0.0194797,0.539883700000172,0.052548000000006,0.130817399999984,0.231214300000085,0.026056899999999
0.1268067,0.437440700000262,0.0008997,0.053425000000006,0.101259799999995,0.28016810000014
0.156849400000019,0.342869600000175,0.0011095,0.071580900000008,0.311008600000152,0.116581999999994
0.066068500000008,0.288686600000132,0.034038199999999,0.028666699999999,0.261845000000097,0.320695000000175
0.151264300000036,0.310854700000147,0.014606,0.107476499999996,0.202583000000056,0.213215500000064
0.0117914,0.361760900000202,0.012663899999999,0.131317199999994,0.278451400000123,0.204015200000062
0.067791800000011,0.27114070000011,0.050428000000004,0.0013884,0.237296900000086,0.371954200000215
0.090792000000009,0.338125500000195,0.0010659,0.0001232,0.181367600000036,0.388525800000238
0.078657400000004,0.359864000000195,0.025278899999999,0.089022600000002,0.225555300000061,0.221621800000068
0.072182100000008,0.353840800000198,0.0110256,0.090772600000001,0.187525700000048,0.284653200000132
0.06990200000001,0.445260900000293,0.031624200000001,0.058819300000006,0.141970800000002,0.252422800000109
0.24368380000008,0.231144000000075,0.015470899999999,0.080592700000001,0.261131200000117,0.167977400000026
0.0735091,0.210840200000064,0.005887,0.055846900000006,0.20431260000005,0.449604200000292
0.050022900000004,0.218701200000073,0.0084561,0.119255299999986,0.27253890000011,0.331025600000175
0.250110400000064,0.348559600000201,0.0099707,0.063861200000008,0.252727700000096,0.074770400000006
0.095808000000014,0.567519700000048,0.026005899999999,0.017247499999999,0.112395099999989,0.181023800000043
0.19292650000006,0.263131100000109,0.033924399999999,0.021924,0.253930200000089,0.23416380000009
0.0640387,0.094427000000003,0.0102222,0.148636300000006,0.408107200000257,0.274568600000131
0.081619700000005,0.403173300000251,0.0081411,0.031489300000002,0.242932400000103,0.232644200000091
0.138868499999997,0.392349600000231,0.024703399999999,0.084510600000005,0.143229599999996,0.216338300000073
0.0057488,0.491246600000337,0.059068500000008,0.174652100000031,0.228840300000068,0.040443700000004
0.054816100000006,0.582572999999966,0.044316900000002,0.038868200000001,0.136983900000001,0.142441900000001
0.0220797,0.393652200000227,0.022719799999999,0.040781400000003,0.136573699999996,0.384193200000232
0.061541400000009,0.403440100000232,7.37000000000009E-05,0.0106923,0.160819500000025,0.363433000000214
0.132916600000018,0.268713700000122,0.049656100000004,0.0365707,0.234110900000079,0.278032000000128
0.121732100000014,0.346841900000192,0.012341600000001,0.134639999999993,0.26969350000012,0.114750899999991
0.089182400000008,0.305017400000152,0.079864000000003,0.133437599999999,0.202258200000054,0.190240400000044
0.118703500000012,0.149136800000007,0.0286701,0.069819200000007,0.188903100000044,0.444767300000291
0.043487300000001,0.485807300000336,0.0002012,0.061526900000009,0.306708800000155,0.102268499999994
0.043179900000004,0.442243800000284,0.024754199999999,0.219087400000071,0.258817400000103,0.0119173
0.045162100000001,0.594169399999933,0.035936099999999,0.080080000000003,0.17113760000001,0.073514800000007
0.186379800000049,0.294150700000136,0.014501300000001,0.061581600000007,0.37740720000022,0.06597940000001
0.109756299999995,0.459830500000303,0.0083086,0.191792600000047,0.102522399999994,0.127789599999989
0.115881899999992,0.494900900000334,0.0042113,0.049669800000002,0.124713299999992,0.210622800000081
0.113965500000008,0.324311100000163,0.043431500000003,0.021580899999999,0.195280900000042,0.301430100000149
0.091451799999997,0.466924900000297,0.0217852,0.096724799999999,0.19258120000005,0.13053209999999
0.050669500000004,0.47411490000031,0.053816400000006,0.038074100000002,0.209998400000057,0.173326700000036
0.052561099999998,0.428778300000256,0.0163733,0.091243400000004,0.24194320000008,0.169100700000023
0.196387600000064,0.382631200000231,0.065888700000007,0.0104208,0.25691920000009,0.087752500000001
0.105993200000001,0.236536900000089,0.018730100000001,0.115611699999991,0.239427600000079,0.283700500000138
0.0004672,0.093668500000002,0.0075557,0.282283600000131,0.236932700000082,0.37909230000023
0.261938300000063,0.214069700000069,0.062180200000008,0.029317499999999,0.252774400000106,0.179719900000034
0.099113500000002,0.450347500000288,0.0043923,0.051172400000004,0.204754800000059,0.190219500000052
0.100690799999988,0.371878400000224,0.027178599999999,0.074951200000005,0.242406000000088,0.182895000000042
0.080359500000004,0.31310750000015,0.049616700000005,0.0324788,0.30503030000014,0.219407200000071
0.055864500000004,0.456239000000291,0.059643100000009,0.032131500000001,0.28141500000012,0.114706900000003
0.054665000000007,0.305264000000148,0.0086604,0.035932200000001,0.13976,0.455718400000292
0.059618100000005,0.48840240000033,0.0010606,0.0001317,0.161449200000017,0.289338000000154
0.049049700000005,0.524149500000241,0.009383499999999,0.0001228,0.231915600000086,0.185378900000046
0.042521299999999,0.408434800000253,0.044281500000002,0.136953799999999,0.235308100000089,0.132500499999991
0.0885929,0.312597400000158,0.0005923,6.31000000000007E-05,0.494074200000328,0.104080099999997
0.116122000000008,0.30270370000016,0.014221000000001,0.065761500000008,0.336254200000163,0.164937600000025
0.055992300000002,0.354109800000206,0.0111808,0.096617899999996,0.130566099999993,0.351533100000198
0.224563100000049,0.241483000000086,0.025715700000001,0.068573200000009,0.163269200000017,0.276395800000137
0.070212300000006,0.450465500000294,0.000952,0.0082758,0.129069599999991,0.341024800000201
0.088254100000005,0.462377100000309,0.0330466,0.079075500000006,0.184234700000029,0.153012000000013
0.110812199999995,0.386310500000233,0.015500599999999,0.0314259,0.269443500000114,0.18650730000005
0.077561200000001,0.256085000000098,0.055055300000006,0.125466599999984,0.194285500000043,0.291546400000158
0.040604600000003,0.320375100000163,0.1000374,0.144890600000004,0.194425000000048,0.199667300000062
0.052966000000005,0.200170900000056,0.0078588,0.081627700000003,0.423357800000263,0.234018800000087
0.097436099999995,0.11875579999999,7.31000000000009E-05,0.0033028,0.239366300000098,0.54106590000018
0.138614400000025,0.440433500000282,0.0033742,0.0222685,0.160440300000018,0.234869100000095
0.173871600000032,0.290077000000129,0.045571000000006,0.145707600000008,0.276238300000122,0.068534500000008
0.0111187,0.472497000000306,0.050966400000006,0.0317188,0.189749500000034,0.243949600000103
0.250889500000075,0.22554820000007,0.005154099999999,0.127968099999989,0.238859700000084,0.151580400000013
0.0437517,0.431153700000271,0.048334000000004,0.042196700000003,0.164871800000017,0.269692100000126
0.045695400000004,0.523328200000226,0.0096365,0.115293099999992,0.199597700000053,0.106449099999994
0.023847199999999,0.580362799999999,0.014757699999999,0.023189899999999,0.144263000000001,0.213579400000066
0.101172700000005,0.369718300000203,0.0068189,0.050205800000002,0.237677500000081,0.234406800000086
0.035771800000002,0.513071700000268,0.0100373,0.039509300000001,0.292785700000128,0.108824199999997
0.271015100000086,0.300564600000146,0.0109343,8.53000000000012E-05,0.142411899999999,0.274988800000131
0.108315599999995,0.424957600000269,0.0210801,0.0145431,0.174632700000036,0.256470900000111
0.076233300000002,0.275053400000127,0.0015778,0.0357448,0.374709400000217,0.236681300000092
0.027197200000001,0.333790400000179,0.057981400000002,0.092363599999997,0.349293400000182,0.139374000000005
0.232563700000099,0.259229500000103,0.046307800000003,0.113042599999992,0.13389599999999,0.214960400000077
0.023539399999999,0.522087800000238,0.0115553,0.000101,0.244809500000088,0.197907000000059
0.115578000000006,0.302092800000141,0.021763799999999,0.0346001,0.282737000000118,0.243228300000093
0.109136600000012,0.415418300000261,0.002322,0.208011800000063,0.19234770000005,0.072763600000005
0.179600300000038,0.260823400000103,0.024358999999999,0.0062082,0.17755020000003,0.351458900000199
0.192282700000018,0.31741200000014,0.063524500000008,0.0001224,0.304425900000137,0.122232499999991
0.011097,0.496448400000329,0.0010827,0.029874299999999,0.286264700000137,0.175232900000035
0.042771399999999,0.498743500000344,0.0022505,0.13307709999999,0.185642100000028,0.137515400000005
0.068689300000009,0.270283400000112,0.028250799999999,0.211461000000054,0.20454770000005,0.216767800000069
0.0064982,0.504292800000318,0.060906800000008,0.0028521,0.20915930000005,0.216290800000074
0.023370199999999,0.305312300000151,0.049383800000004,0.160708900000019,0.244333000000095,0.216891800000086
0.087302900000005,0.300139700000137,0.0152802,0.085696200000002,0.185118900000038,0.326462100000168
0.087775699999997,0.454346400000293,0.0076356,0.0122227,0.154785700000019,0.283233900000136
0.044782400000004,0.407164100000263,0.0015789,0.089371300000001,0.301399000000133,0.155704300000014
0.172905200000014,0.495867100000332,0.0331516,0.020409199999999,0.138790800000001,0.138876099999999
0.023915099999999,0.291946200000141,0.068486700000011,0.0053295,0.109349399999994,0.500973100000358
0.0120406,0.480981000000326,0.0314028,0.0001085,0.257299200000112,0.218167900000063
0.048999700000006,0.349162900000187,0.019179799999999,0.07170060000001,0.214195900000054,0.296761100000154
0.056993900000007,0.358451800000199,0.0058371,0.100741199999998,0.16531810000002,0.312657900000166
0.089398700000005,0.372687600000219,0.063125700000011,0.062510600000007,0.2527470000001,0.159530400000011
0.110228300000021,0.432138000000262,0.013794900000001,0.041431900000001,0.104374999999996,0.298031900000153
0.123633700000004,0.364076000000185,0.041630300000003,0.056682300000007,0.143462599999999,0.270515100000119
0.120038999999984,0.410078800000249,0.0085172,0.032191099999999,0.291154600000132,0.138019300000003
0.15831330000002,0.398338200000229,0.09369090000001,0.103410799999994,0.158422800000027,0.087823999999998
0.0001617,0.653346599999706,0.0041529,0.029658299999999,0.197831500000056,0.114848999999999
0.120305900000013,0.43040370000027,0.040278200000002,0.026357699999999,0.212368500000056,0.170286000000034
0.066298200000002,0.441035800000263,0.015719500000001,0.066428900000007,0.233308700000078,0.177208900000034
0.075406000000002,0.532303200000196,0.022849399999999,0.034688799999999,0.178632600000044,0.156120000000025
0.028491,0.429995200000271,0.029379499999999,0.0852829,0.18258560000003,0.244265800000094
0.087605399999995,0.456657100000295,0.0013809,0.0836657,0.22674250000008,0.143948399999998
0.060669899999999,0.297241100000131,0.048127000000002,0.196063200000049,0.190040000000043,0.207858800000061
0.06202930000001,0.239141500000087,0.043569800000003,0.149928000000016,0.315994300000151,0.189337100000046
0.0184346,0.257048400000119,0.088403700000003,0.062738300000007,0.304904100000144,0.268470900000117
0.082261100000008,0.484249500000322,0.054720600000006,0.062243100000007,0.288294500000138,0.028231199999999
0.040431600000005,0.34508650000019,0.046224500000003,0.145394700000009,0.198113000000043,0.224749700000073
0.207687700000056,0.333602000000177,0.0040501,0.058859800000006,0.258035800000102,0.1377646
0.120435099999995,0.618484299999848,0.0005075,0.050725200000005,0.148486300000012,0.061361600000007
0.136766799999991,0.366136000000205,0.0122843,0.028630299999999,0.224048100000081,0.232134500000084
0.0117273,0.193635900000045,0.059226300000008,0.079683800000002,0.460909000000294,0.194817700000062
0.087211800000006,0.358592600000196,0.018295799999999,0.0889962,0.177782400000028,0.26912120000012
0.037666700000002,0.485115300000328,0.079586800000009,0.156677800000019,0.210117800000065,0.030835599999999
0.0074683,0.464653600000304,0.038562200000001,0.045348000000002,0.186940100000033,0.257027800000108
0.139854700000022,0.33217140000018,0.0288028,0.030408599999999,0.318244600000147,0.150517900000009
